13	-0.95	-0.24	0.21	2.95	1.49	-1.10	0.53	13.81	
574	-0.97	-0.28	0.15	-3.58	8.90	-0.24	0.54	14.05	
1111	-0.80	-0.03	0.53	-3.88	-14.89	8.91	0.54	14.15	
1642	-1.09	-0.09	0.05	38.35	-33.81	62.56	0.54	14.19	
2178	-0.81	-0.04	0.60	-4.93	-2.80	-6.41	0.53	13.67	
2710	-0.76	-0.35	0.76	-38.98	-26.61	-27.16	0.54	14.19	
3242	-0.57	-0.12	0.92	37.62	-25.05	23.50	0.55	13.91	
3776	-0.93	-0.32	0.36	7.35	-18.29	0.37	0.54	14.34	
4309	-0.75	-0.37	0.45	16.01	-0.25	2.81	0.53	14.15	
4840	-0.82	-0.31	0.51	15.10	-29.42	11.96	0.55	14.15	
5373	-0.11	0.41	0.54	-22.07	23.75	-25.76	0.54	14.24	
5908	0.08	0.00	1.02	-27.32	-29.55	25.27	0.54	14.05	
6441	-0.19	-0.17	0.95	14.73	-6.32	15.44	0.54	13.91	
6972	-0.06	-0.07	1.03	2.77	15.69	-0.30	0.54	14.24	
7505	-0.04	-0.03	0.97	0.57	-6.68	0.37	0.54	13.91	
8036	-0.03	-0.04	0.99	3.01	3.30	0.37	0.54	14.19	
8569	0.01	-0.02	0.97	2.77	-7.08	0.73	0.53	14.15	
9100	-0.09	-0.04	0.96	-1.01	0.37	0.37	0.55	14.19	
9633	-0.07	-0.04	1.00	0.57	-9.40	-0.18	0.54	14.19	
10164	-0.21	-0.06	0.94	1.48	-7.72	0.06	0.54	13.86	
10696	-0.05	-0.05	1.05	1.73	3.76	-0.30	0.54	13.91	
11232	-0.22	-0.06	0.97	-14.02	-47.62	-9.76	0.54	14.05	
11765	0.03	-0.05	0.97	-2.29	1.31	-0.67	0.54	14.43	
12296	0.02	-0.05	0.96	0.82	1.67	0.37	0.54	14.34	
12828	-0.01	-0.06	1.00	0.64	2.17	0.12	0.54	14.43	
13360	-0.01	-0.02	1.00	0.20	0.35	0.18	0.54	14.05	
13892	-0.11	0.02	0.96	-4.13	-11.78	-1.16	0.54	14.19	
14425	0.02	-0.01	0.97	-0.04	-1.70	-0.18	0.55	14.24	
14956	-0.02	-0.09	1.01	-0.40	-2.81	-0.67	0.54	14.15	
15489	-0.09	-0.13	1.10	1.55	-6.41	1.40	0.53	14.19	
16020	-0.02	-0.06	0.99	0.09	1.00	-0.06	0.57	14.39	
16557	0.06	-0.08	1.04	0.08	-10.62	-0.61	0.55	14.15	
17088	0.10	-0.09	1.03	0.26	2.54	0.86	0.54	13.91	
17621	-0.02	-0.06	1.01	0.51	0.25	0.00	0.53	14.24	
18152	-0.00	-0.06	0.98	0.70	0.68	-0.06	0.55	14.24	
18685	-0.01	-0.06	1.00	0.45	0.06	-0.12	0.57	14.19	
19217	-0.01	-0.06	1.00	0.02	0.54	-0.12	0.55	14.05	
19749	-0.02	-0.06	0.98	0.70	1.17	0.18	0.55	14.24	
20281	-0.03	-0.08	1.00	0.02	0.55	0.31	0.54	14.19	
20814	-0.03	-0.06	0.98	0.39	-0.48	-0.06	0.54	14.24	
21345	-0.02	-0.07	1.00	0.32	0.17	-0.18	0.54	14.00	
21882	0.00	-0.05	0.96	0.08	2.00	0.18	0.54	14.05	
22413	0.31	-0.06	0.85	-6.20	-11.55	-0.85	0.54	14.58	
22946	0.04	-0.07	0.97	0.08	2.14	0.37	0.54	14.19	
23477	-0.01	-0.07	1.00	0.09	0.25	-0.18	0.54	14.24	
24010	-0.02	-0.07	0.99	0.08	0.78	-0.12	0.54	14.00	
24541	-0.01	-0.07	1.00	0.26	0.04	0.12	0.54	14.00	
25073	-0.01	-0.07	1.01	0.33	0.41	-0.18	0.54	14.05	
25605	-0.02	-0.07	1.00	0.21	0.36	0.18	0.54	14.15	
26137	-0.01	-0.06	1.00	0.14	0.24	-0.12	0.54	14.15	
26669	-0.02	-0.06	0.98	0.02	0.55	-0.12	0.54	14.15	
27205	-0.01	-0.06	1.00	0.33	0.14	-0.06	0.54	14.34	
27737	-0.01	-0.07	1.00	0.64	0.27	0.18	0.54	14.43	
28269	-0.01	-0.06	1.00	0.20	0.10	0.18	0.54	14.00	
28801	-0.01	-0.06	1.00	0.57	0.44	0.12	0.54	14.24	
29333	-0.01	-0.06	1.00	0.57	0.37	-0.06	0.54	14.24	
29865	-0.00	-0.06	0.98	0.09	0.31	0.12	0.54	14.24	
30397	-0.02	-0.07	1.00	0.39	0.32	0.25	0.54	14.34	
30939	-0.01	-0.06	0.99	0.63	0.91	0.37	0.54	14.15	
31471	-0.03	-0.04	1.02	0.39	0.27	0.12	0.54	14.43	
32003	-0.01	-0.07	1.00	0.15	0.31	0.00	0.54	14.24	
32539	-0.01	-0.07	1.00	0.51	0.50	0.12	0.54	14.24	
33071	-0.01	-0.07	1.00	0.45	0.25	0.18	0.54	14.24	
33603	-0.02	-0.07	0.98	0.88	0.45	0.25	0.54	14.34	
34135	-0.01	-0.07	1.00	0.45	0.39	-0.12	0.54	14.39	
34667	-0.01	-0.07	1.00	0.45	0.55	0.06	0.54	14.19	
35199	-0.01	-0.07	1.00	0.33	0.24	-0.06	0.54	14.15	
35731	-0.02	-0.07	1.01	0.45	0.49	0.31	0.54	14.19	
36263	0.13	-0.22	1.15	7.53	15.16	-0.24	0.54	14.34	
36795	-0.02	-0.06	1.01	0.27	0.36	0.00	0.54	14.15	
37328	-0.02	-0.07	1.00	0.51	0.14	-0.06	0.54	14.34	
37863	-0.02	-0.06	1.00	0.02	0.35	0.18	0.54	14.05	
38395	-0.27	-0.14	0.97	1.18	-5.73	-1.71	0.54	14.19	
38927	-0.02	-0.06	0.99	0.33	0.13	0.18	0.54	14.19	
39460	-0.01	-0.06	1.00	0.27	0.02	0.18	0.54	14.39	
39991	-0.02	-0.06	0.99	0.09	-0.05	0.18	0.54	14.24	
40524	-0.01	-0.07	0.99	0.45	0.63	0.06	0.54	14.34	
41056	-0.02	-0.07	1.00	0.70	0.68	0.31	0.54	14.24	
41588	-0.03	-0.06	1.00	0.15	-0.17	-0.12	0.54	14.24	
42120	-0.01	-0.07	1.00	0.39	-0.06	0.12	0.54	14.15	
42656	0.01	0.00	0.93	0.88	2.26	0.12	0.54	14.19	
43188	-0.00	-0.07	0.99	0.33	0.37	0.06	0.54	14.24	
43719	-0.01	-0.07	1.01	0.39	0.44	-0.06	0.54	14.24	
44252	0.02	-0.07	1.01	-0.10	-0.47	-0.18	0.54	14.34	
44783	-0.02	-0.07	1.00	0.27	-0.46	0.00	0.54	14.43	
45316	-0.04	-0.06	1.01	-0.04	-0.54	-0.12	0.54	14.24	
45847	-0.01	-0.07	1.00	0.45	0.86	0.12	0.54	14.24	
46380	-0.01	-0.07	1.00	0.63	0.85	-0.18	0.54	14.15	
46911	-0.01	-0.07	1.01	0.51	0.06	0.00	0.54	14.15	
47444	-0.01	-0.07	0.99	0.39	0.55	0.18	0.54	14.15	
47979	-0.02	-0.07	1.00	0.21	0.51	-0.06	0.54	14.34	
48511	-0.01	-0.07	1.00	0.27	0.24	-0.12	0.54	14.15	
49043	-0.02	-0.07	1.00	0.52	0.33	0.00	0.54	14.43	
49575	0.01	-0.07	0.99	-0.16	2.12	-0.18	0.54	14.05	
50107	-0.01	-0.05	0.99	-0.10	-0.17	0.06	0.54	14.24	
50639	-0.01	-0.06	1.00	0.58	0.39	-0.06	0.54	14.34	
51171	-0.01	-0.06	0.99	0.45	0.02	0.06	0.54	14.39	
51703	-0.01	-0.07	1.00	0.70	0.29	0.06	0.54	14.58	
52235	-0.01	-0.06	1.00	0.45	0.54	0.12	0.54	14.05	
52767	-0.01	-0.07	1.00	0.27	0.31	0.12	0.54	14.19	
53303	-0.01	-0.07	0.99	0.45	0.43	-0.12	0.54	14.15	
53835	-0.02	-0.07	1.00	0.39	0.39	0.06	0.54	14.34	
54367	-0.01	-0.07	0.99	0.33	0.43	0.00	0.54	14.15	
54898	-0.01	-0.07	1.00	0.39	0.21	-0.12	0.54	14.39	
55431	-0.01	-0.08	1.00	0.27	0.02	0.25	0.54	14.34	
55962	-0.01	-0.06	1.00	0.39	0.25	0.06	0.54	14.24	
56495	-0.02	-0.07	1.00	0.45	-0.17	0.06	0.54	14.24	
57026	-0.01	-0.07	1.00	0.21	0.19	-0.18	0.54	14.24	
57559	-0.02	-0.07	0.99	0.45	0.55	0.43	0.54	14.19	
58090	-0.01	-0.08	1.01	0.33	0.32	-0.06	0.54	14.34	
58637	-0.02	-0.07	1.00	0.46	0.52	0.00	0.54	14.43	
59169	-0.01	-0.06	1.01	0.69	-0.12	0.06	0.54	14.15	
59701	-0.01	-0.07	0.99	0.51	0.06	0.18	0.54	14.15	
60232	-0.01	-0.07	0.99	0.51	0.37	0.00	0.54	14.24	
60765	-0.01	-0.07	1.00	0.27	0.25	0.18	0.54	14.19	
61308	-0.02	-0.06	0.99	0.39	-0.04	0.06	0.54	14.34	
61840	-0.02	-0.07	0.98	0.39	0.14	-0.12	0.54	14.34	
62373	-0.01	-0.09	1.01	0.70	0.13	0.00	0.54	14.24	
62904	0.00	-0.06	0.97	-0.10	-0.36	-0.06	0.54	14.24	
63448	-0.02	-0.06	0.98	0.09	0.20	-0.24	0.54	14.34	
63983	-0.02	-0.06	0.99	0.51	-0.53	0.00	0.54	14.34	
64516	-0.03	-0.08	1.00	0.21	-0.24	0.12	0.54	14.24	
65047	-0.02	-0.07	0.99	0.45	0.19	0.31	0.54	14.24	
65580	-0.02	-0.07	1.00	0.45	0.32	-0.06	0.54	14.34	
66111	-0.02	-0.06	1.00	0.45	-0.04	-0.06	0.54	14.34	
66644	-0.01	-0.07	0.99	1.18	2.26	0.12	0.54	14.19	
67175	-0.01	-0.07	1.01	0.21	0.31	0.12	0.53	14.19	
67707	-0.02	-0.07	1.00	0.09	0.03	0.06	0.53	14.43	
68239	-0.01	-0.07	1.00	0.15	0.19	-0.06	0.53	14.24	
68771	-0.02	-0.07	1.00	0.15	0.19	0.06	0.53	14.24	
69307	-0.02	-0.06	1.00	0.33	0.09	-0.24	0.53	14.43	
69839	-0.01	-0.07	0.99	0.39	0.50	0.12	0.53	14.24	
70370	-0.02	-0.07	1.00	0.15	0.31	0.12	0.53	14.19	
70903	-0.02	-0.07	0.99	0.27	0.12	0.06	0.53	14.15	
71434	-0.01	-0.05	0.98	0.21	0.79	0.18	0.53	14.15	
71967	-0.02	-0.07	0.99	0.45	0.32	0.00	0.53	14.34	
72498	-0.01	-0.07	0.99	0.39	0.37	-0.06	0.53	14.24	
73030	-0.15	-0.01	1.14	2.04	-1.58	-0.79	0.53	14.24	
73562	-0.02	-0.06	0.99	0.21	0.50	-0.12	0.53	14.24	
74093	-0.02	-0.07	1.00	0.45	0.13	-0.18	0.53	14.24	
74630	0.05	-0.05	0.93	0.27	-3.94	-0.30	0.53	14.39	
75161	-0.02	-0.07	0.99	0.33	0.25	0.00	0.53	14.19	
75694	-0.02	-0.07	1.00	0.33	0.20	0.06	0.53	14.34	
76225	-0.02	-0.07	1.00	0.33	0.37	0.31	0.53	14.19	
76758	-0.01	-0.07	0.99	0.46	0.35	0.12	0.53	14.53	
77289	-0.01	-0.06	0.99	0.82	0.49	-0.18	0.53	14.19	
77822	-0.02	-0.07	0.99	0.39	0.32	-0.06	0.53	14.34	
78353	-0.03	-0.07	1.00	0.46	-0.14	0.18	0.53	14.58	
78886	-0.02	-0.07	1.00	0.45	0.49	0.00	0.53	14.19	
79417	-0.02	-0.07	1.00	0.33	0.32	-0.06	0.53	14.34	
79953	-0.03	-0.06	0.99	0.58	-0.47	-0.24	0.53	14.34	
80485	-0.02	-0.07	1.00	0.15	0.15	0.31	0.53	14.43	
81018	-0.02	-0.07	1.00	0.45	0.25	0.00	0.53	14.24	
81549	-0.02	-0.07	1.00	0.33	0.06	-0.06	0.53	14.19	
82082	-0.00	-0.10	0.99	-0.04	0.51	0.18	0.53	14.34	
82613	-0.00	-0.09	0.98	0.27	0.63	0.12	0.53	14.34	
83146	-0.01	-0.07	0.99	0.45	0.19	0.12	0.53	14.24	
83677	-0.02	-0.08	1.00	0.58	0.03	0.12	0.53	14.43	
84209	-0.03	-0.07	1.00	0.14	-0.19	-0.06	0.53	14.15	
84741	-0.03	-0.07	1.00	-0.09	-0.81	-0.30	0.53	14.53	
85277	-0.01	-0.07	0.99	-0.04	0.31	0.12	0.53	14.24	
85809	-0.02	-0.07	0.99	0.21	0.61	0.12	0.53	14.19	
86341	-0.02	-0.06	0.99	0.39	0.24	0.18	0.53	14.15	
86873	-0.05	-0.07	0.99	0.26	-0.20	0.06	0.53	14.05	
87404	-0.04	-0.07	1.00	0.39	0.36	-0.06	0.53	14.15	
87937	-0.01	-0.06	1.00	-0.28	-0.77	-0.06	0.53	14.34	
88468	-0.02	-0.07	1.00	0.39	0.12	0.12	0.53	14.15	
89001	-0.01	-0.06	0.99	0.33	-0.80	0.25	0.53	14.15	
89532	-0.03	-0.06	0.99	0.15	-0.16	-0.06	0.53	14.34	
90065	-0.02	-0.07	1.00	0.21	0.21	0.00	0.53	14.43	
90600	-0.02	-0.07	1.00	0.33	0.13	0.18	0.53	14.24	
91132	0.02	-0.10	1.13	-0.77	2.35	-0.79	0.54	14.43	
91664	0.15	-0.19	1.04	-1.25	-2.72	2.81	0.55	14.43	
92204	0.02	-0.03	0.93	-8.40	-8.42	-5.13	0.55	14.19	
92735	-0.01	-0.07	1.00	0.94	3.98	0.79	0.54	14.24	
93328	-0.02	-0.09	1.01	1.98	-4.25	0.00	0.54	14.34	
93860	-0.00	-0.07	1.00	-0.04	-0.65	-0.37	0.53	14.34	
94392	0.00	-0.06	0.97	0.21	-1.57	-0.12	0.53	14.34	
94924	0.03	-0.08	0.90	-0.40	1.86	0.55	0.53	14.39	
95455	-0.02	-0.08	1.00	-0.65	1.23	-0.12	0.53	14.24	
95992	-0.09	-0.05	1.07	-9.07	-5.11	-1.16	0.53	14.34	
96523	-0.01	-0.10	1.00	-0.34	-1.10	-0.73	0.53	14.15	
97056	-0.05	-0.07	1.05	1.06	1.58	-1.28	0.53	14.15	
97587	0.04	-0.06	1.03	-0.65	-5.12	-0.67	0.53	14.24	
98119	-0.00	-0.06	0.99	0.02	1.47	-0.12	0.53	14.24	
98651	0.01	-0.04	0.96	-4.80	-0.42	-1.16	0.53	14.19	
99183	0.00	-0.10	1.00	2.40	-1.27	0.31	0.53	14.24	
99715	-0.06	-0.17	1.04	-6.94	3.77	-1.46	0.53	14.00	
100247	-0.00	-0.06	1.03	-0.77	-0.36	-0.85	0.53	14.24	
100792	-0.01	-0.07	1.00	-1.69	-0.97	-1.46	0.54	14.19	
101380	0.02	-0.03	0.95	-5.84	-0.78	-2.81	0.54	14.24	
101911	-0.03	-0.12	1.01	-4.43	5.67	0.98	0.53	14.15	
102444	-0.01	-0.07	1.00	0.57	0.36	-0.06	0.53	14.15	
102976	0.01	-0.06	0.98	-0.53	0.98	0.18	0.53	14.19	
103508	-0.01	-0.07	1.00	-0.16	0.13	-0.18	0.53	14.24	
104040	-0.02	-0.07	1.00	0.45	-0.24	0.06	0.53	14.19	
104573	-0.02	-0.09	1.00	2.03	-0.07	0.49	0.53	14.05	
105104	-0.01	-0.06	1.01	-1.07	0.25	0.25	0.53	14.24	
105637	-0.01	-0.09	1.02	0.14	-0.00	0.06	0.53	14.15	
106174	-0.02	-0.07	1.00	0.09	0.03	-0.06	0.53	14.43	
106707	0.01	-0.11	0.99	1.61	1.01	-0.30	0.53	14.43	
107238	-0.01	-0.08	1.00	1.06	0.44	0.00	0.53	14.24	
107771	-0.00	-0.08	1.00	1.06	-0.18	0.06	0.53	14.19	
108302	-0.01	-0.08	1.01	0.52	-0.34	0.06	0.53	14.43	
108835	0.01	-0.03	0.99	-0.04	1.65	0.12	0.53	14.19	
109367	-0.02	-0.07	0.99	0.64	-0.10	-0.18	0.53	14.34	
109899	-0.00	-0.07	1.00	0.14	-0.07	0.00	0.53	14.05	
110431	-0.01	-0.07	0.99	0.27	-0.17	-0.30	0.53	14.24	
110962	-0.00	-0.07	1.00	0.21	0.98	0.06	0.53	14.19	
111494	-0.02	-0.08	1.00	0.39	0.00	0.00	0.53	14.19	
112025	-0.02	-0.08	1.00	0.51	0.63	0.12	0.53	14.34	
112558	-0.01	-0.07	1.00	0.15	-0.10	-0.06	0.53	14.34	
113089	-0.01	-0.08	1.00	0.27	0.31	0.06	0.53	14.24	
113622	-0.02	-0.10	1.01	0.08	-0.06	0.37	0.53	14.19	
114154	-0.01	-0.06	0.98	0.03	0.15	0.00	0.53	14.43	
114686	-0.01	-0.05	1.00	0.33	1.24	0.37	0.53	14.34	
115218	-0.01	-0.10	0.99	0.27	0.51	0.12	0.53	14.34	
115750	-0.02	-0.08	0.99	0.63	-0.19	0.18	0.53	14.15	
116287	-0.00	-0.08	0.99	0.57	-0.49	0.00	0.53	14.15	
116820	-0.01	-0.08	0.99	0.57	0.03	-0.06	0.53	13.86	
117351	-0.01	-0.08	1.00	0.45	0.35	0.06	0.53	14.05	
117884	-0.03	-0.07	1.01	0.33	0.06	0.18	0.53	14.15	
118415	-0.01	-0.08	0.99	0.45	0.55	0.12	0.53	14.15	
118958	-0.03	-0.08	1.00	0.39	0.02	-0.06	0.53	14.39	
119489	-0.01	-0.08	0.99	0.02	-0.06	0.06	0.53	14.19	
120022	0.00	-0.07	0.97	0.33	0.97	0.31	0.53	14.15	
120554	-0.01	-0.07	1.00	0.03	-1.19	0.00	0.53	14.43	
121086	-0.00	-0.10	1.02	0.27	-0.42	-0.18	0.53	14.24	
121623	-0.02	-0.08	1.00	0.39	-0.65	-0.30	0.53	14.39	
122156	0.00	-0.08	0.99	0.76	-0.41	-0.49	0.53	14.34	
122687	-0.01	-0.07	0.97	0.02	-0.44	-0.12	0.53	14.05	
123228	-0.02	-0.08	0.98	0.57	0.56	0.18	0.53	14.24	
123759	-0.01	-0.07	1.00	0.02	0.19	-0.06	0.53	14.19	
124347	-0.01	-0.07	1.00	-0.59	0.05	-0.55	0.53	14.05	
124879	-0.01	-0.07	1.00	-0.10	-0.76	-0.18	0.53	13.91	
125411	-0.01	-0.07	0.97	0.27	-1.02	0.06	0.53	14.34	
125944	-0.02	-0.10	1.05	1.67	-2.80	0.67	0.53	14.19	
126486	-0.00	-0.08	1.00	0.15	0.49	-0.12	0.53	14.19	
127025	-0.01	-0.08	0.99	0.57	0.11	0.00	0.53	14.05	
127556	-0.01	-0.08	1.00	0.45	0.26	0.00	0.53	14.34	
128089	-0.01	-0.08	1.00	0.46	0.40	-0.06	0.53	14.43	
128620	-0.01	-0.07	0.99	0.21	0.26	-0.06	0.53	14.34	
129153	-0.02	-0.08	1.00	0.69	-0.12	0.00	0.53	14.19	
129684	-0.01	-0.07	0.99	0.58	0.14	0.12	0.53	14.34	
130217	-0.02	-0.07	0.99	0.39	0.43	0.25	0.53	14.19	
130748	-0.00	-0.08	1.00	0.09	0.52	-0.06	0.53	14.43	
131281	-0.02	-0.07	1.00	0.51	0.13	0.12	0.53	14.24	
131817	-0.00	-0.07	1.00	0.21	0.45	-0.18	0.53	14.39	
132350	-0.01	-0.07	1.00	0.39	-0.23	0.06	0.53	14.34	
132881	0.00	-0.08	1.00	0.76	0.45	0.00	0.53	14.34	
133414	-0.01	-0.08	0.99	0.45	0.13	-0.06	0.53	14.24	
133945	-0.01	-0.07	1.01	0.32	0.35	-0.24	0.53	14.00	
134478	-0.01	-0.07	1.00	-0.16	-0.68	0.12	0.53	14.05	
135009	-0.01	-0.08	0.99	0.33	0.07	-0.18	0.53	14.24	
135542	-0.01	-0.08	1.00	0.45	0.39	0.18	0.53	14.34	
136073	-0.01	-0.07	1.00	0.33	0.37	0.06	0.53	14.24	
136605	0.00	-0.07	1.00	0.45	0.31	0.31	0.53	14.24	
137150	-0.01	-0.08	1.00	0.51	0.18	0.12	0.53	14.15	
137682	-0.01	-0.07	1.00	0.45	0.06	-0.18	0.53	14.15	
138214	-0.01	-0.08	1.00	0.70	0.20	0.12	0.53	14.34	
138746	-0.01	-0.07	1.00	0.52	0.33	0.12	0.53	14.43	
139278	-0.01	-0.08	1.01	0.21	0.19	-0.12	0.53	14.24	
139810	-0.01	-0.08	1.00	0.45	0.31	0.31	0.53	14.24	
140342	-0.02	-0.08	1.00	0.39	0.40	0.00	0.53	14.43	
140874	-0.01	-0.08	1.00	0.33	0.57	0.06	0.53	14.34	
141406	-0.01	-0.08	0.99	0.27	0.57	0.06	0.53	14.34	
141938	-0.01	-0.07	1.00	0.57	0.36	0.06	0.53	14.15	
142475	-0.01	-0.07	1.00	0.27	0.49	0.12	0.53	14.19	
143008	-0.01	-0.08	1.00	0.33	0.51	0.06	0.53	14.34	
143540	-0.02	-0.07	0.97	-0.16	0.44	0.00	0.53	14.24	
144072	-0.01	-0.08	1.00	0.33	0.26	-0.06	0.53	14.34	
144605	-0.02	-0.07	1.00	0.27	0.00	0.06	0.53	14.19	
145137	-0.01	-0.07	1.00	0.33	0.26	0.31	0.53	14.34	
145669	-0.02	-0.08	1.00	0.33	0.06	0.12	0.53	14.15	
146201	-0.01	-0.08	1.00	0.51	0.25	-0.06	0.53	14.19	
146734	-0.02	-0.08	1.00	0.52	0.45	0.25	0.53	14.39	
147266	-0.01	-0.07	0.99	0.33	0.13	0.06	0.53	14.24	
147804	-0.02	-0.08	1.00	0.33	0.06	0.12	0.53	14.15	
148336	-0.00	-0.07	1.01	0.15	0.01	0.18	0.53	14.24	
148869	-0.03	-0.08	0.99	0.57	0.60	0.06	0.53	14.05	
149400	-0.02	-0.08	0.99	0.15	0.15	0.18	0.53	14.39	
149933	-0.01	-0.08	0.99	0.15	-0.21	-0.12	0.53	14.43	
150465	-0.02	-0.07	0.99	0.51	0.57	0.12	0.53	14.34	
150998	-0.02	-0.08	0.99	0.33	0.53	0.31	0.53	14.53	
151530	0.00	-0.07	0.98	0.51	0.24	-0.06	0.53	14.15	
152062	-0.02	-0.08	1.00	0.14	-0.12	0.18	0.53	14.15	
152599	-0.00	-0.07	0.97	-0.10	1.53	0.61	0.53	14.19	
153132	-0.02	-0.08	1.00	0.39	0.39	0.06	0.53	14.34	
153664	-0.01	-0.08	1.00	0.15	0.02	0.00	0.53	14.39	
154269	-0.01	-0.07	0.98	0.39	0.33	0.25	0.53	14.43	
154802	-0.01	-0.08	1.00	0.52	0.22	0.06	0.53	14.53	
155334	-0.01	-0.07	0.99	0.39	0.07	0.12	0.53	14.24	
155866	-0.01	-0.07	0.98	0.51	0.01	0.00	0.53	14.24	
156398	-0.02	-0.07	0.99	0.38	-0.16	0.12	0.53	13.86	
156931	-0.02	-0.08	1.00	0.51	-0.11	0.18	0.53	14.24	
157463	-0.02	-0.07	1.00	0.21	0.02	0.12	0.53	14.39	
158000	-0.02	-0.07	0.99	0.52	0.27	-0.12	0.53	14.39	
158532	-0.01	-0.07	0.99	0.27	0.19	-0.06	0.53	14.19	
159065	-0.01	-0.07	1.00	0.45	0.15	-0.06	0.53	14.39	
159597	-0.02	-0.07	1.00	0.51	0.47	0.18	0.53	14.00	
160129	-0.02	-0.07	1.00	0.40	0.28	0.12	0.53	14.53	
160661	-0.02	-0.07	1.00	0.33	0.37	0.00	0.53	14.19	
161194	-0.02	-0.06	0.99	0.46	0.27	0.31	0.53	14.43	
161726	-0.02	-0.06	0.99	0.21	0.63	0.18	0.53	14.34	
162258	-0.02	-0.07	1.00	0.33	0.37	0.12	0.53	14.24	
162790	-0.02	-0.07	1.00	0.58	-0.10	-0.06	0.53	14.34	
163328	-0.03	-0.06	0.99	0.21	0.33	0.00	0.53	14.39	
163860	-0.02	-0.07	1.00	0.46	0.47	0.12	0.53	14.53	
164393	-0.02	-0.06	0.99	0.64	0.02	0.12	0.53	14.34	
164925	-0.03	-0.06	1.00	0.27	0.32	0.25	0.53	14.34	
165457	-0.02	-0.06	0.99	0.39	0.49	-0.24	0.53	14.15	
165989	-0.03	-0.07	1.00	0.33	0.06	0.06	0.53	14.15	
166522	-0.03	-0.06	0.99	0.45	0.25	0.00	0.53	14.24	
167054	-0.03	-0.07	0.99	0.51	0.29	0.00	0.53	14.05	
167587	-0.02	-0.07	0.99	0.45	0.06	-0.24	0.53	14.19	
168119	-0.03	-0.06	0.99	0.33	0.43	0.00	0.53	14.19	
168657	-0.03	-0.06	1.00	0.45	0.02	0.00	0.53	14.34	
169188	-0.03	-0.07	1.00	0.27	0.44	0.12	0.53	14.24	
169721	-0.02	-0.06	1.00	0.27	0.18	0.06	0.53	14.15	
170253	-0.02	-0.06	1.00	0.33	0.07	0.00	0.53	14.24	
170785	-0.02	-0.06	1.00	0.63	0.07	-0.12	0.53	14.24	
171317	-0.02	-0.06	1.00	0.51	0.29	0.00	0.53	14.05	
171850	-0.02	-0.07	1.00	0.52	0.39	0.49	0.53	14.39	
172382	-0.03	-0.06	0.99	0.02	0.06	-0.24	0.53	14.15	
172913	-0.03	-0.06	0.99	-0.34	0.19	0.12	0.53	14.24	
173446	-0.03	-0.06	1.00	0.39	0.32	-0.06	0.53	14.34	
173984	-0.03	-0.06	1.00	0.39	-0.10	-0.18	0.53	14.34	
174516	-0.02	-0.05	0.97	0.57	2.18	0.18	0.53	14.05	
175048	-0.02	-0.07	1.01	0.76	0.14	0.18	0.53	14.34	
175580	-0.03	-0.06	0.99	0.21	0.02	0.06	0.53	14.34	
176112	-0.03	-0.07	0.99	0.21	-0.19	-0.06	0.53	14.15	
176645	-0.04	-0.06	1.01	0.33	0.67	0.12	0.53	14.15	
177176	-0.03	-0.07	1.00	0.21	0.31	0.00	0.53	14.24	
177709	-0.04	-0.07	1.00	1.06	0.47	0.12	0.53	14.00	
178241	-0.04	-0.06	1.00	0.51	-0.06	-0.06	0.53	14.19	
178779	-0.03	-0.06	1.00	0.63	0.19	0.18	0.53	14.24	
179310	-0.03	-0.06	1.00	0.27	0.31	-0.06	0.53	14.19	
179843	-0.04	-0.06	0.99	0.57	0.24	0.18	0.53	14.15	
180375	-0.03	-0.07	1.00	0.64	0.21	-0.06	0.53	14.43	
180908	-0.03	-0.06	1.00	0.45	0.25	0.06	0.53	14.24	
181439	-0.04	-0.06	1.00	0.15	0.31	0.12	0.53	14.24	
181972	-0.03	-0.06	0.99	0.69	0.15	0.00	0.53	13.91	
182504	-0.03	-0.06	0.99	0.51	0.20	0.37	0.53	14.34	
183103	-0.03	-0.06	1.00	0.20	0.41	0.37	0.53	14.00	
183636	-0.03	-0.06	1.00	0.27	0.19	0.18	0.53	14.19	
184173	-0.04	-0.07	1.00	0.33	0.15	-0.18	0.53	14.43	
184713	-0.04	-0.06	0.99	0.45	0.15	-0.06	0.53	14.39	
185245	-0.03	-0.06	1.00	0.21	0.08	0.25	0.53	14.34	
185778	-0.03	-0.06	1.00	0.33	0.19	-0.12	0.53	14.19	
186310	-0.03	-0.06	0.99	0.51	0.01	0.12	0.53	14.24	
186843	-0.03	-0.06	1.00	0.45	0.13	-0.12	0.53	14.19	
187374	-0.03	-0.07	0.99	0.33	0.11	0.00	0.53	14.05	
187907	-0.03	-0.06	0.99	0.51	-0.03	-0.06	0.53	13.86	
188439	-0.03	-0.06	0.99	0.14	-0.46	-0.18	0.53	13.91	
188972	-0.02	-0.07	0.99	0.45	0.37	0.06	0.53	14.19	
189521	-0.01	-0.07	0.99	0.33	0.31	0.12	0.53	14.24	
190053	-0.02	-0.07	1.00	0.33	0.55	-0.06	0.53	14.19	
190585	-0.02	-0.07	0.99	0.39	0.36	0.37	0.53	14.15	
191174	-0.02	-0.07	0.99	0.32	0.29	0.06	0.53	14.00	
191706	-0.02	-0.07	0.99	0.33	0.25	0.18	0.53	14.19	
192238	-0.02	-0.07	1.00	0.21	0.27	0.06	0.53	14.43	
192771	-0.02	-0.07	0.99	0.15	0.31	-0.06	0.53	14.19	
193302	-0.03	-0.07	0.99	0.26	0.17	-0.12	0.53	14.05	
193835	-0.03	-0.07	1.00	0.21	0.01	0.00	0.53	14.24	
194366	-0.04	-0.07	1.05	2.83	0.80	1.22	0.53	14.24	
194905	-0.03	-0.07	0.99	0.39	0.51	-0.06	0.53	14.39	
195436	-0.03	-0.07	0.99	0.08	-0.07	0.06	0.53	14.05	
195969	-0.02	-0.07	1.00	0.33	0.25	-0.18	0.53	14.19	
196501	-0.03	-0.07	0.99	0.39	0.30	0.18	0.53	14.15	
197033	-0.02	-0.07	1.00	0.26	-0.01	0.00	0.53	14.05	
197565	-0.02	-0.07	1.00	0.15	0.00	0.12	0.53	14.19	
198098	-0.02	-0.07	0.99	0.27	0.49	0.06	0.53	14.19	
198629	-0.02	-0.07	1.00	0.64	0.32	-0.12	0.53	14.34	
199162	-0.03	-0.07	0.99	0.39	0.19	-0.06	0.53	14.24	
199699	-0.02	-0.06	0.99	0.51	0.19	0.00	0.53	14.24	
200231	-0.02	-0.07	1.00	0.69	0.24	-0.06	0.53	14.15	
200763	-0.02	-0.06	1.00	0.51	0.08	-0.06	0.53	14.34	
201296	-0.02	-0.07	1.00	0.08	0.24	0.12	0.53	14.15	
201827	-0.02	-0.07	1.00	0.33	0.26	-0.06	0.53	14.34	
202360	-0.02	-0.07	0.99	0.08	0.09	0.00	0.53	13.91	
202892	-0.02	-0.07	1.00	0.20	0.03	0.06	0.53	13.91	
203424	-0.02	-0.07	1.00	0.51	0.19	0.06	0.53	14.19	
203956	-0.02	-0.08	1.00	0.38	0.33	-0.06	0.53	13.86	
204488	-0.02	-0.07	1.00	0.51	0.04	0.06	0.53	14.00	
205026	-0.02	-0.07	1.00	0.45	0.31	0.00	0.53	14.24	
205559	-0.03	-0.07	0.99	0.63	0.19	-0.06	0.53	14.24	
206090	-0.02	-0.08	0.99	0.21	0.12	-0.06	0.53	14.15	
206623	-0.02	-0.07	0.99	0.45	0.07	0.06	0.53	14.24	
207155	-0.02	-0.06	0.99	0.08	0.17	-0.12	0.53	14.05	
207687	-0.03	-0.07	1.00	0.39	0.13	0.06	0.53	14.19	
208219	-0.02	-0.07	1.00	0.63	0.41	0.00	0.53	14.05	
208751	-0.02	-0.07	0.99	0.27	0.55	0.25	0.53	14.19	
209284	-0.02	-0.07	0.99	0.33	0.26	0.06	0.53	14.34	
209816	-0.02	-0.07	1.00	0.63	0.06	0.06	0.53	14.19	
210354	-0.02	-0.07	1.00	0.45	0.43	-0.12	0.53	14.19	
210885	-0.02	-0.07	1.00	0.51	0.13	0.06	0.53	14.19	
211418	-0.02	-0.07	1.00	0.70	0.07	-0.06	0.53	14.24	
211950	-0.03	-0.07	0.99	0.33	-0.12	-0.06	0.53	14.15	
212482	-0.02	-0.07	0.99	0.27	-0.04	-0.12	0.53	14.34	
213014	-0.02	-0.07	0.99	0.33	0.18	-0.06	0.53	14.15	
213547	-0.02	-0.06	1.00	0.39	0.51	0.06	0.53	14.34	
214078	-0.02	-0.07	0.99	0.64	0.20	0.06	0.53	14.34	
214611	-0.02	-0.07	1.00	0.39	0.06	-0.06	0.53	14.19	
215143	-0.01	-0.07	1.00	0.33	-0.30	0.18	0.53	14.19	
215688	-0.02	-0.07	1.00	0.51	0.25	0.00	0.53	14.19	
216220	-0.02	-0.07	1.00	0.57	0.30	0.18	0.53	14.15	
216753	-0.02	-0.07	1.00	0.08	0.19	0.12	0.53	14.19	
217284	-0.02	-0.07	1.00	0.27	0.36	-0.06	0.53	14.15	
217817	-0.02	-0.07	1.00	0.08	0.06	0.18	0.53	14.15	
218348	-0.02	-0.07	1.00	0.33	0.36	-0.18	0.53	14.15	
218881	-0.02	-0.07	0.99	0.51	0.18	0.31	0.53	14.15	
219413	-0.03	-0.07	0.99	0.63	0.43	0.00	0.53	14.15	
219945	-0.02	-0.07	1.00	0.33	-0.02	-0.06	0.53	14.53	
220482	-0.02	-0.07	0.99	0.51	0.41	0.18	0.53	14.05	
221015	-0.02	-0.07	1.00	0.27	0.27	0.18	0.53	14.43	
221547	-0.02	-0.07	1.00	0.39	0.19	0.06	0.53	14.19	
222079	-0.02	-0.07	1.00	0.21	0.44	0.06	0.53	14.24	
222611	-0.02	-0.07	1.00	0.33	0.36	0.18	0.53	14.15	
223144	-0.02	-0.07	0.99	0.45	0.29	0.06	0.53	14.05	
223675	-0.02	-0.07	1.00	0.21	0.09	-0.24	0.53	14.43	
224208	-0.02	-0.07	1.00	0.21	-0.06	0.12	0.53	14.15	
224739	-0.02	-0.08	1.00	0.57	0.18	-0.06	0.53	14.15	
225272	-0.02	-0.08	1.00	0.69	0.36	0.06	0.53	14.15	
225809	-0.02	-0.07	1.00	0.33	0.14	-0.06	0.53	14.34	
226342	-0.02	-0.07	1.00	0.45	0.15	0.25	0.53	14.39	
226874	-0.02	-0.07	1.00	0.39	0.08	0.31	0.53	14.34	
227406	-0.02	-0.07	1.00	0.39	0.18	0.06	0.53	14.15	
227938	-0.02	-0.07	1.00	0.27	0.26	0.00	0.53	14.34	
228471	-0.02	-0.08	1.00	0.32	-0.03	0.00	0.53	13.91	
229003	-0.02	-0.07	1.00	0.33	0.37	0.18	0.53	14.19	
229535	-0.02	-0.07	0.99	0.45	0.07	0.18	0.53	14.24	
230067	-0.02	-0.07	1.00	0.51	0.13	0.12	0.53	14.24	
230599	-0.02	-0.07	1.00	0.46	0.09	-0.12	0.53	14.43	
231137	-0.02	-0.07	0.99	0.27	0.15	0.00	0.53	14.43	
231670	-0.02	-0.07	1.00	0.39	0.26	0.12	0.53	14.34	
232201	-0.01	-0.07	1.00	0.45	0.24	0.18	0.53	14.15	
232733	-0.08	-0.06	1.00	0.76	0.53	-0.49	0.53	14.53	
233265	-0.03	-0.02	1.01	0.27	-0.10	0.18	0.53	14.34	
233797	-0.02	-0.04	0.99	0.27	0.37	1.22	0.53	14.19	
234330	-0.03	-0.05	0.98	0.27	1.24	5.01	0.53	14.34	
234861	-0.01	-0.04	0.98	0.45	0.37	4.27	0.53	14.19	
235394	0.04	-0.04	0.99	-1.02	0.47	-3.48	0.53	14.00	
235925	-0.07	-0.05	1.00	0.09	2.64	4.64	0.53	14.34	
236464	-0.04	-0.02	1.07	0.51	-0.78	-1.28	0.53	14.24	
236995	-0.08	-0.05	1.01	-0.77	-2.36	4.64	0.53	14.34	
237528	0.02	-0.02	0.95	-2.11	0.74	5.74	0.53	14.24	
238059	-0.07	-0.00	1.26	5.03	2.82	0.18	0.53	14.24	
238592	-0.04	-0.04	0.96	-2.60	-0.54	2.26	0.53	14.24	
239124	-0.07	-0.04	1.01	-0.52	-1.56	10.07	0.52	14.39	
239656	-0.01	-0.06	1.00	-0.04	-1.15	18.07	0.52	14.24	
240188	-0.05	-0.04	1.02	3.08	2.23	4.21	0.52	14.43	
240720	-0.12	-0.08	1.00	-1.32	0.68	8.48	0.52	14.24	
241257	-0.14	-0.10	0.94	-0.58	-2.11	19.23	0.52	14.43	
241790	-0.21	-0.09	0.91	-0.46	-0.24	22.65	0.52	14.24	
242322	-0.17	0.01	0.93	-0.16	-1.15	11.60	0.52	14.24	
242854	-0.16	-0.11	0.96	0.70	0.19	8.55	0.52	14.24	
243386	-0.13	-0.04	1.00	0.70	-0.10	7.51	0.52	14.34	
243919	-0.05	-0.07	1.12	0.27	2.70	7.57	0.53	14.34	
244450	-0.20	-0.18	0.99	-1.87	1.28	8.36	0.53	14.19	
244983	0.06	-0.15	0.88	-0.83	-6.16	7.26	0.53	14.24	
245515	-0.18	-0.03	0.99	1.31	0.07	9.40	0.53	14.24	
246047	-0.07	-0.24	0.97	-0.09	1.94	6.04	0.53	14.58	
246592	-0.12	-0.21	1.07	-1.68	-2.67	4.15	0.53	14.34	
247194	-0.01	-0.20	0.92	1.00	1.31	3.36	0.53	14.39	
247727	-0.12	-0.36	1.00	0.70	0.32	2.32	0.53	14.34	
248258	-0.03	-0.21	1.02	0.70	1.30	-0.06	0.53	14.34	
248846	-0.05	-0.09	1.01	0.58	0.33	0.25	0.53	14.39	
249379	-0.04	-0.09	1.00	0.33	0.27	0.00	0.53	14.43	
249911	-0.04	-0.09	1.00	0.76	-0.10	0.06	0.53	14.34	
250443	-0.04	-0.08	1.00	0.39	0.08	0.00	0.53	14.34	
250975	-0.04	-0.08	0.99	0.27	0.39	-0.06	0.53	14.34	
251508	-0.04	-0.09	0.99	0.15	0.32	-0.12	0.53	14.34	
252045	-0.04	-0.08	0.99	0.15	0.09	0.00	0.53	14.43	
252589	-0.04	-0.08	1.00	0.39	0.27	-0.18	0.53	14.43	
253120	-0.03	0.01	1.00	0.21	0.08	0.98	0.52	14.34	
253653	-0.05	0.10	1.03	0.15	-1.36	2.38	0.52	14.58	
254184	-0.14	0.10	1.01	0.46	-0.34	4.76	0.52	14.43	
254717	0.02	0.15	0.99	2.10	-1.57	1.34	0.52	14.34	
255248	0.01	0.10	1.02	-1.20	1.47	1.59	0.52	14.19	
255781	-0.06	0.17	1.12	-0.03	-0.75	1.89	0.52	14.53	
256313	0.12	0.12	0.82	-0.77	0.80	-0.91	0.51	14.19	
256845	-0.06	0.07	0.95	0.09	-2.13	2.02	0.51	14.24	
257382	-0.06	0.20	0.95	-0.27	-1.79	2.26	0.51	14.58	
257915	-0.30	0.06	1.54	-0.34	-4.05	5.31	0.53	14.53	
258446	-0.18	-0.27	1.23	-1.19	-3.46	7.57	0.53	14.34	
258979	-0.21	-0.30	0.93	-1.19	-4.86	6.71	0.53	14.39	
259511	-0.05	-0.06	0.71	3.51	0.98	8.36	0.52	14.72	
260043	0.31	-0.05	0.90	-4.92	-4.00	-4.09	0.53	14.43	
260575	0.61	-0.20	0.70	0.21	-1.93	-34.36	0.53	14.39	
261106	0.51	-0.19	0.78	2.96	-0.21	-38.82	0.53	14.43	
261639	0.32	-0.22	0.85	3.45	2.17	-39.43	0.51	14.43	
262177	0.34	0.16	1.02	1.07	4.43	-32.47	0.51	14.53	
262709	-0.37	0.15	0.85	-2.17	-11.47	16.24	0.51	14.24	
263240	-0.58	0.08	0.95	3.68	-8.42	20.75	0.51	14.15	
263773	0.09	0.12	0.97	2.83	0.99	0.86	0.50	14.24	
264304	-0.13	0.14	1.09	-0.70	10.80	7.63	0.50	14.67	
264837	0.04	0.16	0.99	-2.78	-3.31	-3.66	0.53	14.58	
265369	0.14	-0.13	0.95	-7.84	-0.51	-2.68	0.53	14.53	
265901	-0.12	-0.16	0.96	-1.14	5.07	-0.73	0.53	14.19	
266433	0.25	-0.23	1.12	0.09	1.74	-8.12	0.52	14.43	
266966	0.35	-0.31	1.76	19.44	2.96	-15.75	0.53	14.43	
267503	0.44	-0.21	1.13	7.23	-12.62	-18.07	0.52	14.34	
268035	0.00	-0.08	0.98	1.56	-0.19	-8.85	0.51	14.67	
268567	-0.03	0.20	1.34	4.67	-0.39	-4.58	0.53	14.53	
269100	-0.07	-0.49	1.02	-3.39	-4.50	7.26	0.53	14.34	
269631	-0.18	-0.39	0.97	-2.91	-2.44	8.42	0.53	14.19	
270164	-0.51	-0.51	0.73	-1.07	-4.39	20.33	0.53	14.24	
270696	-0.52	-0.58	1.13	-0.15	-8.93	32.78	0.53	14.58	
271229	-0.46	-0.23	0.96	-0.40	-1.19	42.79	0.52	14.43	
271760	-0.66	-0.10	0.98	-0.88	-0.75	51.51	0.51	14.58	
272298	-0.60	0.03	0.75	-5.59	-4.86	60.24	0.51	14.34	
272830	-0.74	0.13	0.84	-2.72	-5.83	63.36	0.50	14.43	
273363	-0.54	0.12	0.90	-3.64	2.28	44.68	0.49	14.34	
273894	-0.22	0.35	1.03	-5.52	-7.83	28.63	0.48	14.58	
274427	-0.36	0.42	0.60	2.35	-2.93	12.33	0.48	14.67	
274958	0.24	0.42	0.93	0.94	-0.52	-8.06	0.52	14.43	
275491	0.11	-0.06	0.58	-4.79	-0.56	1.34	0.53	14.58	
276023	0.20	-0.24	1.04	-5.46	-3.37	-1.04	0.52	14.58	
276555	0.15	-0.36	0.87	-9.25	12.90	-3.60	0.53	14.34	
277095	0.70	-0.47	0.85	-2.29	1.69	-7.08	0.53	14.58	
277687	0.85	-0.38	0.80	0.40	7.24	-33.69	0.52	14.53	
278220	0.33	-0.33	0.94	0.39	9.91	-31.86	0.52	14.39	
278751	0.49	-0.16	1.04	-2.05	5.33	-31.74	0.52	14.39	
279284	0.70	-0.21	0.97	-2.60	4.23	-52.92	0.52	14.34	
279815	1.06	-0.30	1.07	-3.08	-0.50	-63.72	0.51	14.58	
280347	0.91	0.16	1.06	1.62	10.54	-70.56	0.49	14.58	
280879	0.81	0.35	0.81	-5.10	7.05	-81.30	0.47	14.43	
281411	-0.43	0.32	1.15	-10.53	13.28	17.09	0.50	14.53	
281944	-0.11	0.27	1.02	-0.46	-4.07	-2.44	0.52	14.39	
282481	-0.62	-0.02	1.02	3.88	9.02	20.63	0.52	14.58	
283013	-0.60	-0.83	1.15	1.86	-10.91	14.95	0.52	14.34	
283545	-0.44	-0.68	1.06	1.07	2.59	21.12	0.53	14.43	
284077	-0.15	-0.78	0.53	-10.04	-7.73	33.20	0.53	14.39	
284609	-0.71	-0.78	0.92	-2.23	1.38	49.38	0.53	14.53	
285142	-0.54	-0.13	0.99	-2.23	-1.00	54.93	0.52	14.53	
285673	-0.61	-0.04	0.92	1.31	-4.12	60.43	0.52	14.43	
286206	-0.81	-0.03	1.13	1.13	-3.07	62.93	0.52	14.53	
286738	-0.88	-0.09	1.08	-1.92	-4.11	56.52	0.52	14.53	
287270	-0.56	0.09	0.86	-0.40	-2.58	37.72	0.53	14.58	
287807	0.12	-0.32	0.94	-1.26	1.00	-6.16	0.53	14.34	
288340	0.29	-0.14	1.08	-2.05	-2.53	-33.08	0.52	14.43	
288872	0.45	-0.03	1.01	1.49	-1.82	-47.36	0.52	14.24	
289404	0.67	-0.01	1.01	-1.37	6.39	-59.94	0.52	14.58	
289936	0.52	0.14	1.04	-0.94	4.82	-32.10	0.51	14.67	
290469	-0.43	0.03	0.95	-2.11	0.46	13.18	0.52	14.43	
291000	-0.70	0.05	0.77	-1.19	-4.85	31.80	0.53	14.43	
291533	-0.58	-0.34	1.22	3.63	-4.50	23.44	0.53	14.34	
292065	-0.42	-0.44	0.87	0.21	-8.32	33.14	0.53	14.53	
292603	-0.50	-0.24	1.02	-2.41	-6.67	45.29	0.51	14.58	
293134	-0.71	0.08	1.08	0.64	0.97	51.09	0.50	14.67	
293667	-0.46	0.33	1.13	-0.16	-4.57	37.29	0.48	14.24	
294199	0.00	0.43	1.03	1.50	4.69	5.01	0.47	14.67	
294731	-0.12	0.32	1.09	15.65	-5.16	-4.52	0.45	14.43	
295263	0.00	0.64	1.40	12.85	-1.12	-5.31	0.50	14.53	
295794	-0.24	-0.31	1.23	-2.53	2.30	1.77	0.53	14.53	
296327	0.00	-0.34	0.96	2.28	-16.28	-3.97	0.53	14.34	
296858	-0.14	-0.81	0.57	-15.90	1.82	-1.04	0.53	14.58	
297391	0.16	-0.25	1.11	-2.78	13.88	-8.54	0.51	14.39	
297928	-0.02	0.25	1.10	-1.13	3.68	-6.22	0.51	14.34	
298460	-0.09	0.12	0.87	-0.65	-4.68	-2.44	0.50	14.34	
298992	0.15	0.23	1.16	4.24	12.92	-4.03	0.50	14.53	
299524	-0.03	0.09	1.23	0.70	1.32	-0.06	0.53	14.53	
300056	0.32	-0.42	0.72	-2.53	6.82	-0.18	0.53	14.53	
300589	-0.07	-0.15	0.90	0.70	4.67	0.55	0.53	14.43	
301120	-0.28	-0.28	1.47	0.76	-3.88	0.67	0.53	14.43	
301653	-0.69	-0.80	0.93	3.81	-4.36	6.84	0.53	14.43	
302184	-0.54	-0.58	0.97	-3.63	-4.55	25.88	0.53	14.43	
302717	-0.34	-0.18	0.71	-0.40	7.74	30.27	0.53	14.58	
303252	-0.52	-0.43	0.92	-4.25	-11.28	35.65	0.53	14.24	
303784	-0.57	-0.26	0.88	-1.56	-1.55	43.15	0.52	14.53	
304316	-0.49	-0.07	0.65	-5.22	-1.51	45.17	0.52	14.34	
304848	-0.59	-0.02	0.99	-0.10	-3.94	46.88	0.52	14.39	
305380	-0.59	-0.01	1.06	-0.65	-5.73	45.59	0.50	14.24	
305913	-0.50	0.18	0.81	-5.35	-7.43	32.23	0.50	14.34	
306444	-0.25	0.42	0.92	-0.09	-10.31	17.09	0.49	14.72	
306977	-0.17	0.39	0.59	-1.31	-3.13	10.56	0.48	14.58	
307508	-0.51	0.05	1.19	-1.25	2.73	13.73	0.53	14.53	
308054	-0.60	-0.65	0.81	-2.84	-3.07	16.42	0.53	14.53	
308586	-0.23	-0.59	0.87	-2.29	6.41	13.18	0.53	14.72	
309119	-0.34	-0.45	0.89	0.82	0.81	19.59	0.53	14.34	
309651	-0.34	-0.40	0.84	1.43	0.35	19.59	0.52	14.53	
310183	0.31	0.02	1.14	2.53	-4.17	-14.89	0.52	14.58	
310715	0.58	-0.04	1.23	-8.02	9.88	-41.56	0.52	14.67	
311312	0.86	-0.19	1.05	-7.30	0.52	-45.16	0.53	14.43	
311845	0.60	-0.17	0.96	-1.44	2.47	-43.64	0.53	14.43	
312377	-0.36	-0.15	1.33	4.30	-24.64	-1.46	0.51	14.34	
312915	-0.55	0.13	1.32	-19.44	-5.50	27.16	0.51	14.67	
313447	0.02	0.15	0.48	-0.28	-10.91	13.43	0.50	14.34	
313980	0.25	0.23	1.10	5.52	-0.50	-2.01	0.49	14.58	
314511	0.11	0.31	1.11	-1.08	9.34	-5.13	0.52	14.19	
315044	-0.24	-0.09	1.16	0.33	1.00	0.98	0.53	14.39	
315587	0.53	-0.13	1.41	-0.03	-3.45	-17.52	0.53	14.43	
316120	0.36	-0.53	2.44	31.71	-4.79	-16.78	0.53	14.43	
316651	0.56	-0.40	0.79	-7.24	1.98	-19.47	0.51	14.39	
317184	0.38	-0.02	0.68	3.26	-4.43	-12.08	0.51	14.43	
317716	0.09	-0.02	0.58	-2.78	5.72	-3.60	0.53	14.53	
318254	-0.45	-0.48	1.12	5.09	-6.44	8.24	0.53	14.43	
318786	-0.25	-0.77	1.17	-2.65	-3.30	16.72	0.53	14.67	
319319	0.08	-0.43	0.84	-0.40	-5.57	22.77	0.53	14.58	
319850	-0.32	-0.30	1.07	-5.10	-5.63	34.61	0.53	14.58	
320383	-0.73	-0.37	1.14	-2.11	2.17	43.89	0.53	14.43	
320915	-0.52	-0.22	1.04	-6.38	-3.89	43.64	0.53	14.34	
321448	-0.56	-0.19	0.92	-4.67	-6.07	44.31	0.53	14.43	
321979	-0.56	-0.18	0.85	0.88	-2.92	43.52	0.53	14.24	
322512	-0.55	-0.17	0.88	-2.04	-1.91	40.53	0.53	14.58	
323049	-0.39	-0.09	0.94	0.64	-0.14	38.45	0.50	14.53	
323582	-0.47	0.33	1.05	0.09	-1.72	34.00	0.48	14.58	
324114	-0.34	0.42	1.18	-3.70	-1.27	11.72	0.46	14.24	
324646	-0.27	0.35	1.70	0.34	-6.84	3.85	0.45	14.67	
325178	0.04	0.56	0.67	-1.74	-3.39	-4.52	0.53	14.43	
325711	0.32	-0.20	0.94	-6.19	4.94	-2.68	0.53	14.67	
326243	0.27	-0.30	0.79	-5.77	-7.23	-1.40	0.53	14.43	
326776	0.40	-0.66	1.07	-37.21	33.28	-24.29	0.53	14.34	
327307	0.41	-0.64	1.08	12.35	-1.27	-19.47	0.53	14.24	
327840	0.98	-0.84	1.23	-8.64	7.55	-42.91	0.52	14.58	
328377	0.46	0.04	1.01	1.61	0.45	-36.62	0.52	14.34	
328910	0.90	0.06	0.78	0.27	8.19	-56.15	0.53	14.24	
329442	1.42	-0.49	1.31	1.55	17.11	-72.63	0.53	14.39	
329975	0.75	-0.44	1.46	1.32	9.58	-58.59	0.52	14.72	
330507	0.89	-0.02	1.03	-0.27	5.00	-58.35	0.49	14.67	
331039	0.72	0.39	0.93	-1.13	10.11	-48.46	0.48	14.53	
331571	-0.23	0.59	1.26	2.65	4.24	-4.15	0.52	14.39	
332103	-0.52	-0.07	1.21	-2.17	-5.16	21.79	0.52	14.39	
332636	-0.40	-0.26	1.17	1.92	-4.57	14.71	0.53	14.24	
333174	-0.55	-0.53	0.88	-1.80	6.56	22.83	0.53	14.43	
333706	-0.39	-0.54	0.73	2.53	0.45	26.00	0.53	14.34	
334239	-0.34	-0.50	0.79	-2.90	0.87	43.46	0.53	14.34	
334770	-0.44	-0.19	1.03	1.37	-8.69	45.11	0.52	14.53	
335302	-0.88	-0.15	1.02	-2.17	-0.20	69.70	0.52	14.58	
335835	-0.69	-0.10	0.86	-1.62	-12.80	74.95	0.52	14.34	
336367	-0.71	-0.01	0.86	-2.29	-9.75	70.56	0.51	14.34	
336899	-0.53	0.26	0.94	2.96	-0.53	43.09	0.50	14.39	
337431	0.42	0.28	1.18	4.55	1.57	-24.47	0.53	14.53	
337964	0.46	-0.61	1.25	-3.57	-0.56	-43.64	0.53	14.58	
338510	0.67	-0.06	0.89	2.59	8.64	-54.87	0.50	14.43	
339041	0.67	0.34	0.82	-3.09	9.42	-61.64	0.49	14.34	
339574	-0.33	0.28	1.21	8.82	9.86	2.56	0.53	14.43	
340162	-0.25	-0.37	0.60	-6.13	5.41	24.84	0.53	14.53	
340694	-0.77	-0.59	0.95	-2.05	-5.04	33.02	0.53	14.39	
341226	-0.13	-0.64	1.01	0.21	5.77	31.80	0.52	14.43	
341759	-0.69	0.11	1.10	1.25	-0.50	44.86	0.51	14.58	
342290	-0.89	0.23	1.04	-3.63	-1.37	53.83	0.48	14.43	
342823	-0.85	0.42	1.09	2.47	-19.86	38.70	0.46	14.53	
343355	0.20	0.63	1.01	3.20	-3.43	-7.93	0.43	14.58	
343893	0.27	0.65	0.97	9.85	-6.95	-0.79	0.45	14.19	
344425	-0.03	0.49	1.26	1.61	5.32	-1.71	0.52	14.24	
344957	-0.07	-0.30	1.04	3.57	-3.57	-3.17	0.53	14.43	
345489	0.31	-0.75	0.44	-5.59	1.11	-1.89	0.50	14.24	
346022	0.52	0.10	0.93	7.35	14.91	-8.54	0.49	14.34	
346554	0.17	0.38	1.07	-1.44	-0.89	-2.93	0.49	14.43	
347086	-0.11	0.24	1.22	2.35	-2.52	-1.83	0.48	14.53	
347618	0.11	-0.01	1.25	9.85	9.65	-2.68	0.48	14.24	
348151	0.25	0.25	0.70	-11.82	6.47	-5.80	0.53	14.19	
348688	0.20	-0.55	1.06	8.58	-0.75	-0.55	0.53	14.58	
349221	0.24	-0.24	0.55	-1.86	-34.32	-2.26	0.53	14.53	
349752	0.06	0.14	0.83	-1.19	-2.35	7.45	0.53	14.43	
350285	-0.69	-0.98	0.82	5.09	5.68	31.98	0.53	14.19	
350817	-0.29	-0.63	0.94	3.63	3.40	29.60	0.51	14.53	
351350	-0.52	0.06	0.76	-2.23	-0.34	33.63	0.53	14.43	
351882	-0.76	-0.23	0.79	-5.16	-6.81	42.91	0.53	14.43	
352415	-0.59	-0.28	0.98	-0.77	-7.13	39.61	0.53	14.24	
352946	-0.48	-0.18	1.01	0.58	-2.78	39.86	0.52	14.43	
353478	-0.44	0.12	1.10	2.29	-2.16	40.10	0.51	14.53	
354016	-0.66	0.14	0.95	1.55	1.56	41.99	0.50	14.43	
354549	-0.43	0.18	1.13	-0.28	-4.14	30.76	0.48	14.24	
355081	-0.03	0.35	0.94	-2.78	-8.26	0.92	0.47	14.58	
355613	-0.04	0.31	1.14	3.69	5.28	6.90	0.53	14.43	
356145	-0.07	-0.22	0.81	-1.87	5.21	8.73	0.53	14.39	
356677	-0.63	-0.80	0.88	-5.41	-27.30	13.67	0.53	14.05	
357210	-0.57	-0.50	1.15	4.91	-4.85	19.90	0.53	14.43	
357741	-0.29	-0.08	0.75	3.26	-1.32	23.01	0.53	14.34	
358274	0.10	-0.08	1.17	1.07	0.95	-11.05	0.53	14.43	
358811	0.78	-0.19	1.14	-3.09	12.82	-47.55	0.53	14.19	
359344	0.35	-0.19	1.32	4.12	11.68	-37.54	0.51	14.34	
359876	0.58	0.02	1.09	2.23	5.37	-45.96	0.51	14.72	
360408	-0.11	0.19	1.07	-3.15	8.74	-8.73	0.51	14.24	
360940	-0.51	-0.10	0.24	1.80	18.10	28.38	0.50	14.43	
361473	-0.28	0.13	1.07	2.90	3.77	9.52	0.50	14.58	
362004	0.03	0.18	0.69	3.08	-2.47	-4.03	0.53	14.43	
362537	0.01	-0.10	1.30	-2.17	9.59	-5.86	0.53	14.19	
363069	-0.08	-0.20	1.03	-8.03	-10.15	-2.44	0.53	14.53	
363601	0.19	-0.14	1.36	4.85	-2.34	-7.32	0.53	14.53	
364139	-0.02	-0.08	2.19	42.02	2.01	-14.46	0.53	14.67	
364671	0.35	-0.17	0.84	5.89	2.35	-11.41	0.53	14.43	
365203	0.11	-0.00	1.10	-0.53	1.46	-7.57	0.51	14.15	
365736	-0.17	0.10	0.83	-1.19	-3.70	0.73	0.53	14.34	
366267	-0.52	-0.50	1.42	5.52	10.53	14.28	0.53	14.43	
366800	-0.20	-0.89	0.34	-3.14	-17.53	22.34	0.53	14.58	
367332	-0.60	-0.48	1.08	3.14	-4.23	33.51	0.53	14.53	
367865	-0.95	-0.42	1.07	0.09	-6.81	44.07	0.53	14.39	
368396	-0.74	-0.33	1.02	-6.26	-9.93	54.57	0.53	14.34	
368934	-0.79	0.06	0.80	-1.32	-4.19	61.10	0.51	14.39	
369474	-0.66	-0.03	0.87	-4.92	-26.71	66.35	0.49	14.39	
370007	-0.64	0.46	1.01	-0.21	-8.86	54.51	0.47	14.67	
370538	-0.32	0.51	1.16	-4.79	-2.71	14.28	0.46	14.53	
371071	-0.21	0.42	1.02	3.32	-13.54	8.67	0.45	14.24	
371603	-0.41	0.66	1.15	-0.64	3.75	0.18	0.52	14.39	
372136	-0.09	-0.29	0.90	-4.00	0.32	4.52	0.53	14.34	
372668	0.63	-0.71	0.73	-1.32	5.33	1.89	0.53	14.34	
373200	0.35	-0.90	0.68	12.84	-13.72	-9.95	0.53	14.24	
373732	1.10	-0.93	0.82	-0.89	1.19	-25.88	0.52	14.43	
374270	0.77	0.00	0.88	1.49	2.70	-40.28	0.53	14.34	
374802	1.58	-0.32	0.72	-2.78	18.76	-60.30	0.53	14.39	
375401	1.23	-0.87	1.05	3.08	7.41	-65.86	0.52	14.39	
375934	0.28	0.14	0.96	3.32	-1.26	-37.90	0.51	14.34	
376465	0.36	0.18	0.99	-4.18	5.64	-65.86	0.48	14.39	
376998	0.83	0.18	1.06	-5.34	-7.42	-81.36	0.47	14.43	
377530	-0.13	0.52	0.87	-5.34	2.47	8.67	0.47	14.39	
378062	0.06	0.41	0.73	-3.09	0.31	0.49	0.53	14.19	
378605	0.05	-0.35	0.90	1.12	-4.26	7.51	0.53	14.24	
379138	-0.52	-0.40	1.08	0.40	4.69	18.43	0.53	14.67	
379675	-0.67	-0.49	1.01	2.59	10.95	23.62	0.53	14.43	
380207	-0.94	-0.67	0.92	-1.56	-6.51	40.28	0.53	14.34	
380739	-0.33	-0.44	0.77	-5.17	-6.90	41.93	0.53	14.15	
381272	-1.02	-0.41	0.97	0.58	-7.91	62.01	0.52	14.43	
381803	-0.89	-0.17	0.87	-8.76	-3.62	79.96	0.50	14.58	
382336	-1.04	-0.11	1.37	0.39	-14.69	83.50	0.47	14.34	
382868	-0.40	0.51	1.28	-0.34	-3.84	26.12	0.53	14.24	
383401	0.42	-0.60	1.08	-14.99	0.33	-5.55	0.53	14.43	
383932	0.54	-0.52	1.12	3.08	7.72	-36.68	0.52	14.43	
384470	0.65	-0.06	0.98	2.95	4.58	-54.56	0.49	14.19	
385002	0.56	0.29	1.15	-0.16	0.50	-49.50	0.47	14.24	
385535	0.05	0.40	0.90	3.75	0.64	-9.40	0.49	14.43	
386066	-0.88	0.16	1.01	-2.48	-10.36	31.37	0.53	14.34	
386599	-0.97	-0.80	0.61	-6.93	-7.28	36.68	0.53	14.53	
387131	-0.52	-0.37	1.00	2.40	-9.64	34.91	0.51	14.24	
387663	-0.71	0.32	0.90	-1.38	-2.80	51.51	0.50	14.19	
388195	-0.97	0.08	0.80	-3.21	-0.90	54.38	0.47	14.34	
388728	-0.75	0.47	0.94	-3.51	-5.16	39.25	0.45	14.43	
389259	0.08	0.49	0.63	-10.47	5.01	1.22	0.45	14.24	
389798	0.03	0.51	1.39	10.95	1.65	-5.25	0.44	14.15	
390329	0.10	0.31	1.48	5.15	-4.63	-1.28	0.53	14.24	
390862	-0.30	-0.78	1.16	-6.56	-7.91	-2.68	0.53	14.43	
391394	0.44	-0.28	0.18	-15.11	-1.02	-7.38	0.48	14.34	
391927	0.14	0.37	1.09	1.12	9.86	-7.02	0.48	13.91	
392458	0.05	0.31	0.95	-2.29	14.51	-1.65	0.51	14.53	
392991	-0.09	-0.16	1.51	2.16	-0.15	-1.10	0.53	14.43	
393523	-0.12	-0.11	0.69	-2.90	-1.05	-3.23	0.52	14.58	
394055	-0.12	0.02	1.09	-6.56	-1.36	-2.01	0.52	14.53	
394593	0.01	-0.12	1.08	-1.01	4.24	-0.18	0.53	14.43	
395125	0.15	0.12	0.96	7.29	-5.86	2.44	0.53	14.19	
395657	-0.41	-0.63	0.91	-5.40	0.64	3.72	0.53	14.43	
396189	-0.09	-0.68	0.63	-3.94	-2.42	14.16	0.53	14.39	
396721	-0.42	-0.64	1.05	3.75	-12.02	32.11	0.53	14.24	
397253	-0.62	-0.27	0.69	-2.97	1.83	50.90	0.52	14.19	
397786	-0.81	-0.02	0.94	-1.99	-7.68	55.42	0.51	14.24	
398317	-0.67	-0.06	0.93	-0.89	0.45	51.58	0.51	14.34	
398850	-0.89	-0.02	1.13	-2.90	-1.68	52.67	0.50	14.39	
399382	-0.69	0.36	1.23	-1.13	-0.84	35.10	0.47	14.34	
399927	-0.48	0.35	0.73	-3.08	4.67	17.70	0.46	14.43	
400460	-0.30	0.50	1.04	5.58	-4.07	17.40	0.52	14.34	
400994	-0.54	-0.26	1.38	1.67	3.73	11.35	0.53	14.24	
401527	-0.90	-0.32	1.58	4.48	-3.95	19.65	0.53	14.34	
402058	-0.52	-0.48	0.74	-5.47	-6.51	21.73	0.53	14.39	
402591	-0.41	-0.29	1.16	-0.22	2.33	24.84	0.52	14.24	
403123	0.42	0.67	0.92	3.63	-8.04	-6.10	0.53	14.34	
403654	0.99	-0.39	1.25	-8.40	15.68	-43.15	0.53	14.15	
404187	0.77	-0.19	0.97	2.22	-3.10	-46.93	0.50	14.24	
404725	1.08	0.20	0.77	-3.88	5.29	-50.54	0.49	14.58	
405256	-0.47	0.37	0.85	-1.07	-11.87	16.48	0.48	14.43	
405788	-0.50	0.35	1.05	3.75	-13.59	19.23	0.48	14.34	
406321	-0.16	0.27	1.32	-2.54	-13.73	5.25	0.48	14.19	
406852	0.08	0.30	1.10	3.69	0.08	0.55	0.53	14.34	
407385	0.10	-0.22	0.68	-8.09	-9.72	-7.81	0.53	14.58	
407917	0.01	-0.34	1.05	5.95	-12.24	-8.85	0.53	14.43	
408449	0.28	-0.15	1.61	6.62	-6.27	-19.71	0.53	14.34	
408981	0.64	-0.23	0.97	-0.58	-9.43	-23.25	0.50	14.43	
409514	-0.15	0.24	1.06	0.88	15.04	-12.94	0.53	14.43	
410051	-0.28	-0.76	0.95	-9.25	26.98	14.77	0.53	14.19	
410584	-0.65	-0.65	0.60	-8.64	-12.31	19.11	0.53	14.34	
411115	-0.64	-1.04	1.25	10.95	-22.75	32.53	0.53	14.34	
411648	-0.41	-0.56	0.87	0.26	-6.73	44.13	0.51	14.00	
412180	-0.32	0.21	0.85	0.33	-8.05	59.08	0.50	14.19	
412712	-1.02	0.01	0.94	-2.96	-19.82	66.59	0.47	14.34	
413244	-1.18	0.27	1.19	-0.77	-10.86	78.37	0.46	14.24	
413777	-0.48	0.41	0.81	0.33	3.07	66.77	0.47	14.34	
414309	0.06	0.20	0.99	-5.71	0.02	-10.37	0.49	14.34	
414847	-0.58	0.16	0.56	-6.26	3.62	29.73	0.50	14.34	
415378	-0.19	0.03	1.32	3.26	-2.72	8.91	0.50	14.43	
415911	0.46	-0.04	0.94	-1.62	-2.29	-14.04	0.50	14.43	
416443	0.18	0.23	0.85	-4.68	-15.80	-10.80	0.53	14.19	
416975	-0.03	-0.24	1.52	3.38	3.91	-7.38	0.53	14.24	
417507	0.74	-0.50	0.61	3.81	-0.67	-25.51	0.53	14.19	
418039	0.92	-0.45	0.89	4.24	2.46	-38.51	0.52	14.34	
418571	0.86	-0.21	1.02	-1.74	-0.77	-46.63	0.53	14.34	
419104	0.82	-0.23	0.90	-1.56	7.91	-53.47	0.53	14.53	
419635	0.88	-0.28	1.07	-1.20	-0.24	-65.43	0.50	14.19	
420173	0.90	-0.17	1.33	-7.66	0.39	-79.47	0.47	14.34	
420705	0.59	0.19	0.90	-1.01	-3.58	-50.23	0.46	14.34	
421237	0.26	0.64	1.22	-1.14	6.78	-10.74	0.45	14.24	
421769	-0.64	0.47	0.78	-3.58	0.32	18.86	0.52	14.34	
422301	-0.46	-0.42	0.92	-10.59	-6.62	7.69	0.53	14.43	
422833	-0.34	-0.48	0.68	0.51	-4.27	18.68	0.53	14.15	
423365	-0.78	-0.69	1.30	5.76	-18.04	27.34	0.53	14.39	
423897	-0.31	-0.50	0.69	1.86	4.83	35.52	0.53	14.24	
424429	-0.47	-0.45	0.89	-2.72	-1.56	52.31	0.52	14.43	
424967	-0.45	-0.23	1.09	0.88	1.13	65.00	0.51	14.43	
425498	-0.65	0.22	0.61	-3.58	1.26	71.41	0.47	14.00	
426031	-0.58	0.36	0.71	0.58	22.97	74.34	0.51	14.34	
426563	-0.12	0.22	0.86	-4.55	-10.70	15.20	0.53	14.53	
427095	0.13	-0.19	0.88	1.24	-2.98	2.20	0.53	14.24	
427627	0.60	-0.13	1.05	1.00	4.21	-40.47	0.52	14.19	
428159	0.55	0.05	0.91	-1.01	12.39	-50.54	0.50	14.19	
428691	0.65	0.13	0.93	-4.43	4.04	-53.83	0.50	14.24	
429224	0.48	0.05	1.09	-4.61	10.22	-39.67	0.50	14.43	
429755	-0.43	-0.02	0.62	-4.86	-7.30	25.21	0.53	14.39	
430293	-0.50	-0.37	0.95	0.82	-4.85	26.43	0.53	14.43	
430833	-0.41	-0.48	0.86	-2.97	1.16	28.02	0.53	14.19	
431365	-0.81	-0.57	0.99	0.45	-7.49	54.75	0.48	14.34	
431897	-0.82	0.19	0.78	-1.32	-12.64	73.61	0.44	14.15	
432430	-0.75	0.52	1.10	1.19	-13.77	28.81	0.44	14.34	
432961	-0.62	0.56	1.32	3.13	-9.98	20.69	0.44	13.91	
433494	-0.79	-0.19	1.42	-16.58	-13.79	2.02	0.44	14.19	
434026	0.43	0.22	1.08	2.16	5.92	-0.43	0.52	14.19	
434559	0.18	-0.23	0.67	-7.91	-4.03	-1.83	0.53	14.15	
435096	0.19	-0.68	0.41	-10.90	0.76	-11.47	0.53	14.43	
435628	0.19	-0.63	0.42	-14.81	-4.34	-2.75	0.49	14.15	
436160	-0.19	0.30	1.29	8.69	-6.95	-3.91	0.49	14.19	
436692	-0.11	-0.00	1.18	8.74	1.31	-0.12	0.49	13.86	
437224	0.11	0.23	1.16	-3.64	-4.47	-3.54	0.47	14.05	
437757	0.29	0.29	0.97	-2.60	-1.26	-5.98	0.52	14.34	
438288	0.39	-0.02	0.51	-3.27	9.35	-8.97	0.53	14.24	
438821	-0.24	-0.42	1.38	-0.77	-3.05	-5.37	0.53	14.19	
439365	0.60	-0.30	0.70	-7.67	-3.54	-4.15	0.53	14.19	
439897	-0.26	-0.65	1.43	3.44	-5.07	-5.31	0.53	14.15	
440434	0.28	-0.58	0.79	12.96	-7.81	-3.11	0.52	14.15	
440967	-0.05	-0.17	0.86	2.29	-0.59	-0.18	0.52	14.39	
441510	-0.49	-0.03	1.11	4.73	-3.03	17.03	0.53	14.34	
442042	-0.54	-0.19	0.94	-2.11	-3.73	35.22	0.53	14.15	
442575	-0.25	-0.48	0.90	-0.28	-6.02	26.98	0.53	14.39	
443106	-0.20	-0.05	0.87	-0.82	-7.47	29.91	0.53	14.53	
443639	-0.05	-0.68	0.89	-1.62	-0.66	21.61	0.52	14.24	
444170	-0.11	0.08	0.89	2.77	3.54	20.69	0.52	14.15	
444703	-0.30	0.13	1.00	-1.50	-3.73	26.19	0.53	14.15	
445240	0.06	-0.40	0.98	-2.78	-0.79	11.35	0.53	14.19	
445772	0.03	-0.47	0.95	-0.35	-3.75	0.67	0.53	13.91	
446304	-0.01	-0.10	0.97	-0.71	0.75	0.67	0.53	14.34	
446836	-0.03	-0.12	1.02	0.94	0.85	1.22	0.53	14.15	
447368	-0.04	-0.23	1.02	1.12	-0.67	0.43	0.53	14.15	
447899	-0.01	0.05	0.99	1.12	0.48	0.92	0.53	14.05	
448432	-0.01	-0.07	1.00	0.45	0.18	-0.06	0.53	14.15	
448963	-0.02	-0.08	0.99	0.52	-0.10	0.25	0.53	14.39	
449496	-0.02	-0.08	0.99	0.63	0.36	0.00	0.53	14.15	
450028	-0.02	-0.08	0.99	0.45	0.12	0.18	0.53	14.15	
450566	-0.02	-0.08	1.00	0.27	0.06	0.06	0.53	14.19	
451097	-0.01	-0.08	1.00	0.45	0.44	-0.18	0.53	14.24	
451630	-0.02	-0.08	1.01	0.45	0.12	-0.18	0.53	14.15	
452161	-0.01	-0.08	1.00	0.27	0.07	0.18	0.53	14.24	
452694	-0.02	-0.08	0.99	0.21	0.18	0.06	0.53	14.15	
453226	-0.02	-0.07	0.99	0.51	-0.12	-0.06	0.53	14.15	
453758	-0.01	-0.08	1.00	0.51	0.23	0.12	0.53	14.00	
454290	-0.01	-0.08	0.99	0.21	0.30	0.06	0.53	14.15	
454822	-0.02	-0.08	0.99	0.57	0.28	-0.06	0.53	13.91	
455354	-0.02	-0.08	1.00	0.33	0.36	-0.06	0.53	14.15	
455892	-0.01	-0.08	0.99	0.39	0.18	0.06	0.53	14.15	
456424	-0.01	-0.08	1.00	0.51	0.04	-0.12	0.53	14.00	
456956	-0.02	-0.08	0.99	0.45	0.41	0.18	0.53	14.05	
457488	-0.01	-0.08	0.99	0.45	0.34	0.06	0.53	13.91	
458020	-0.02	-0.08	1.02	0.63	0.00	0.18	0.53	14.19	
458552	-0.02	-0.07	1.00	0.64	0.15	-0.18	0.53	14.39	
459084	-0.01	-0.08	1.00	0.39	0.10	0.00	0.53	14.00	
459616	-0.02	-0.08	1.00	0.27	0.15	-0.06	0.53	14.43	
460148	-0.01	-0.08	1.00	0.14	0.09	0.25	0.53	13.86	
460680	-0.01	-0.08	1.00	0.39	0.12	0.00	0.53	14.15	
461225	-0.01	-0.08	1.00	0.39	0.31	0.00	0.53	14.24	
461760	-0.02	-0.08	1.00	0.39	0.26	0.18	0.53	14.34	
462293	-0.01	-0.08	0.99	0.39	0.19	0.18	0.53	14.24	
462824	-0.02	-0.08	0.99	0.45	0.25	0.12	0.53	14.24	
463357	-0.01	-0.08	1.00	0.51	0.09	0.06	0.53	13.91	
463888	-0.01	-0.08	1.00	0.57	0.36	-0.06	0.53	14.15	
464421	-0.02	-0.08	1.00	0.51	0.17	0.00	0.53	14.05	
464952	-0.02	-0.08	0.99	0.57	0.29	0.06	0.53	14.05	
465485	-0.01	-0.07	0.99	0.51	0.30	0.18	0.53	14.15	
466029	-0.02	-0.08	0.99	0.33	0.36	0.00	0.53	14.15	
466561	-0.02	-0.08	1.00	0.33	0.12	0.12	0.53	14.15	
467093	-0.01	-0.08	1.00	0.33	0.13	0.12	0.53	14.24	
467625	-0.01	-0.08	0.99	0.39	0.24	0.06	0.53	14.15	
468157	-0.01	-0.08	1.00	0.26	0.23	0.25	0.53	14.00	
468689	-0.01	-0.08	0.99	0.21	0.00	0.06	0.53	14.19	
469221	-0.01	-0.08	1.00	0.39	0.26	-0.06	0.53	14.34	
469753	-0.02	-0.08	1.00	0.27	0.36	0.12	0.53	14.15	
470285	-0.01	-0.08	1.00	0.33	0.36	0.00	0.53	14.15	
470817	-0.01	-0.08	0.99	0.15	0.26	0.00	0.53	14.34	
471354	-0.01	-0.09	0.99	0.45	0.18	0.00	0.53	14.15	
471887	-0.01	-0.08	0.99	0.57	0.35	-0.12	0.53	14.00	
472419	-0.02	-0.08	0.99	0.45	0.31	0.06	0.53	14.24	
472951	-0.01	-0.08	1.00	0.57	0.25	0.00	0.53	14.24	
473483	-0.01	-0.08	1.00	0.45	0.01	0.18	0.53	14.24	
474016	-0.02	-0.08	1.00	0.39	0.25	0.00	0.53	14.19	
474548	-0.02	-0.08	0.99	0.20	0.23	0.12	0.53	14.00	
475080	-0.02	-0.08	0.99	0.45	0.46	0.31	0.53	13.91	
475613	-0.01	-0.08	0.99	0.58	-0.23	0.06	0.53	14.34	
476145	-0.02	-0.08	0.99	0.45	0.24	0.06	0.53	14.15	
476683	-0.02	-0.08	1.00	0.33	0.12	0.00	0.53	14.15	
477215	-0.02	-0.08	1.00	0.02	0.24	0.06	0.53	14.15	
477747	-0.02	-0.08	0.99	0.26	0.19	0.12	0.53	13.72	
478279	-0.01	-0.08	0.99	0.27	0.18	0.00	0.53	14.15	
478812	-0.01	-0.08	0.99	0.32	0.15	0.12	0.53	13.91	
479343	-0.02	-0.08	1.00	0.21	0.44	0.06	0.53	14.24	
479876	-0.01	-0.08	0.99	0.21	0.07	0.25	0.53	14.24	
480408	-0.02	-0.08	0.99	0.51	0.58	0.06	0.53	13.86	
480940	-0.01	-0.08	1.00	0.45	0.12	0.18	0.53	14.15	
481472	-0.01	-0.08	1.00	0.39	0.31	0.12	0.53	14.19	
482010	-0.01	-0.08	1.00	0.69	0.30	0.06	0.53	14.15	
482542	-0.02	-0.08	1.00	0.51	0.28	0.12	0.53	13.91	
483075	-0.01	-0.08	0.99	0.57	0.18	0.06	0.53	14.15	
483606	-0.01	-0.08	0.99	0.33	0.00	0.12	0.53	14.19	
484139	-0.02	-0.08	1.00	0.39	0.41	0.31	0.53	14.05	
484671	-0.02	-0.08	1.00	0.33	0.30	-0.12	0.53	14.15	
485203	-0.01	-0.08	1.00	0.39	0.20	0.00	0.53	14.34	
485735	-0.01	-0.08	1.00	0.51	0.53	-0.12	0.53	14.00	
486268	-0.02	-0.08	1.00	0.57	0.43	0.06	0.53	14.15	
486800	-0.01	-0.08	1.00	0.26	0.09	0.12	0.53	13.91	
487338	-0.02	-0.08	0.99	0.21	0.19	-0.06	0.53	14.19	
487869	-0.02	-0.08	1.00	0.21	0.12	0.12	0.53	14.15	
488402	-0.02	-0.09	0.99	0.45	0.28	0.25	0.53	13.91	
488934	-0.02	-0.08	0.99	0.57	-0.06	0.00	0.53	14.15	
489467	-0.02	-0.08	0.99	0.26	0.03	-0.12	0.53	13.91	
489998	-0.02	-0.08	0.99	0.45	0.54	0.06	0.53	14.05	
490531	-0.01	-0.08	1.00	0.58	0.32	0.12	0.53	14.34	
491063	-0.01	-0.07	0.99	0.45	-0.06	0.06	0.53	14.19	
491595	-0.02	-0.08	0.99	0.51	0.61	0.25	0.53	14.15	
492141	-0.02	-0.08	1.00	0.44	0.09	0.12	0.53	13.86	
492681	-0.01	-0.08	0.99	0.26	0.35	0.31	0.53	14.05	
493217	-0.01	-0.08	1.01	0.32	0.22	0.06	0.53	13.91	
493749	-0.01	-0.08	1.00	0.51	0.43	0.06	0.53	14.15	
494282	-0.02	-0.07	0.99	0.57	0.11	0.18	0.53	14.05	
494814	-0.01	-0.08	1.00	0.69	0.43	-0.06	0.53	14.15	
495346	-0.02	-0.08	0.99	0.33	0.24	0.00	0.53	14.15	
495878	-0.01	-0.08	0.99	0.32	0.09	0.25	0.53	13.86	
496410	-0.01	-0.08	0.99	0.45	0.30	0.06	0.53	14.15	
496943	-0.01	-0.08	0.99	0.33	0.43	0.12	0.53	14.15	
497480	-0.01	-0.08	1.00	0.45	0.31	-0.06	0.53	14.24	
498013	-0.02	-0.08	0.99	0.39	0.18	0.06	0.53	14.15	
498545	-0.02	-0.08	0.99	0.57	0.15	0.12	0.53	13.91	
499077	-0.02	-0.08	0.99	0.27	0.43	0.00	0.53	14.15	
499609	-0.01	-0.08	0.99	0.33	0.29	-0.06	0.53	14.05	
500142	-0.01	-0.09	1.00	0.26	0.03	-0.06	0.53	13.91	
500673	-0.02	-0.07	1.00	0.45	0.34	-0.12	0.53	13.91	
501206	-0.01	-0.08	0.99	0.26	0.05	0.00	0.53	14.05	
501738	-0.02	-0.08	0.99	0.39	0.29	-0.12	0.53	14.05	
502270	-0.02	-0.08	1.00	0.57	0.19	0.00	0.53	14.19	
502807	-0.02	-0.08	1.00	0.32	0.15	0.06	0.53	13.91	
503350	-0.02	-0.08	0.99	0.51	0.15	0.00	0.53	13.86	
503883	-0.02	-0.08	1.00	0.38	-0.09	-0.12	0.53	13.91	
504426	-0.01	-0.08	0.99	0.63	0.13	0.00	0.53	14.19	
504958	-0.01	-0.07	1.00	0.39	0.19	-0.12	0.53	14.19	
505490	-0.02	-0.08	1.00	0.33	0.25	0.06	0.53	14.19	
506026	-0.01	-0.08	1.00	0.57	0.19	0.12	0.53	14.24	
506557	-0.01	-0.08	0.99	0.51	0.17	0.00	0.53	14.05	
507090	-0.02	-0.08	0.99	0.32	0.22	-0.06	0.53	13.91	
507622	-0.01	-0.08	0.99	0.45	0.23	-0.06	0.53	14.05	
508160	-0.01	-0.08	1.00	0.51	0.43	0.18	0.53	14.15	
508691	-0.02	-0.08	1.00	0.32	0.14	0.06	0.53	13.81	
509224	-0.01	-0.08	1.00	0.39	0.15	0.18	0.53	14.39	
509756	-0.01	-0.08	0.99	0.39	0.12	0.06	0.53	14.15	
510288	-0.01	-0.08	1.00	0.33	0.11	0.43	0.53	14.05	
510820	-0.01	-0.08	0.99	0.33	0.19	0.06	0.53	14.19	
511353	-0.01	-0.08	0.99	0.63	0.52	-0.18	0.53	13.91	
511884	-0.01	-0.08	0.99	0.45	0.37	0.25	0.53	14.19	
512417	-0.01	-0.08	0.99	0.38	0.28	-0.06	0.53	13.91	
512949	-0.02	-0.08	1.00	0.32	0.09	0.06	0.53	13.86	
513487	-0.01	-0.08	1.00	0.38	0.15	-0.06	0.53	13.91	
514019	-0.01	-0.08	1.00	0.57	0.17	-0.30	0.53	14.00	
514551	-0.01	-0.08	0.99	0.63	0.36	0.06	0.53	14.15	
515083	-0.01	-0.08	0.99	0.51	0.55	0.06	0.53	14.15	
515616	-0.01	-0.08	1.00	0.32	0.21	0.06	0.53	13.86	
516148	-0.01	-0.07	0.98	0.45	0.35	-0.06	0.53	14.05	
516679	-0.02	-0.08	1.00	0.33	0.61	0.06	0.53	14.15	
517212	-0.01	-0.08	1.00	0.38	0.03	-0.06	0.53	13.91	
517744	-0.01	-0.08	1.00	0.33	0.31	0.06	0.53	14.24	
518282	-0.02	-0.08	0.99	0.57	0.05	0.18	0.53	14.05	
518815	-0.01	-0.08	1.00	0.45	0.29	-0.06	0.53	14.05	
519347	-0.02	-0.08	1.00	0.63	0.22	0.25	0.53	13.91	
519878	-0.01	-0.08	0.99	0.38	0.40	0.12	0.53	13.91	
520411	-0.01	-0.08	0.99	0.33	0.30	-0.18	0.53	14.15	
520942	-0.02	-0.08	1.00	0.14	0.23	-0.06	0.53	14.00	
521475	-0.02	-0.08	0.99	0.26	0.29	0.12	0.53	14.05	
522007	-0.02	-0.08	1.00	0.44	0.27	0.06	0.53	13.86	
522539	-0.02	-0.08	1.00	0.57	0.09	0.06	0.53	13.86	
523079	-0.01	-0.08	1.00	0.45	0.36	0.00	0.53	14.15	
523617	-0.01	-0.08	1.00	0.20	0.10	0.25	0.53	14.00	
524150	-0.02	-0.08	0.99	0.51	0.13	-0.06	0.53	14.19	
524681	-0.02	-0.08	1.00	0.39	0.30	0.25	0.53	14.15	
525213	-0.01	-0.08	1.00	0.26	-0.13	-0.06	0.53	14.05	
525745	-0.02	-0.08	0.99	0.26	0.35	0.18	0.54	14.05	
526277	-0.02	-0.08	0.99	0.38	0.09	-0.12	0.53	13.91	
526810	-0.01	-0.08	1.00	0.21	0.36	-0.18	0.53	14.15	
527341	-0.02	-0.08	0.99	0.02	0.22	0.00	0.53	13.91	
527874	-0.01	-0.08	0.99	0.32	0.28	0.00	0.53	13.91	
528406	-0.02	-0.08	1.00	0.33	0.24	-0.06	0.53	14.15	
528944	-0.01	-0.07	0.99	0.51	0.29	0.12	0.53	14.05	
529475	-0.02	-0.08	0.99	0.69	0.09	0.06	0.53	13.91	
530008	-0.02	-0.08	1.00	0.26	0.35	0.18	0.53	14.05	
530540	-0.01	-0.08	1.00	0.38	0.07	0.00	0.53	13.67	
531072	-0.01	-0.08	0.99	0.56	0.13	0.06	0.53	13.72	
531604	-0.01	-0.08	0.99	0.38	0.22	0.12	0.53	13.91	
532137	-0.02	-0.08	1.00	0.26	0.04	-0.18	0.53	14.00	
532668	-0.02	-0.07	0.99	0.39	0.04	0.18	0.53	14.00	
533201	-0.01	-0.08	1.00	0.26	0.31	0.00	0.53	13.67	
533733	-0.01	-0.08	0.99	0.38	-0.03	0.00	0.53	13.91	
534271	-0.02	-0.09	1.01	0.32	-0.21	0.06	0.53	13.91	
534802	-0.02	-0.08	1.00	0.63	0.34	0.00	0.53	13.91	
535335	-0.01	-0.08	0.99	0.38	0.34	-0.06	0.53	13.91	
535867	-0.02	-0.08	0.99	0.27	0.24	0.18	0.53	14.15	
536400	-0.02	-0.08	0.99	0.57	0.21	-0.06	0.53	13.81	
536931	-0.01	-0.07	1.00	0.51	0.43	0.00	0.53	14.19	
537464	-0.02	-0.08	0.99	0.45	-0.20	0.18	0.53	14.05	
537996	-0.01	-0.08	0.99	0.39	0.06	0.25	0.53	14.15	
538529	-0.01	-0.08	0.99	0.32	0.10	-0.12	0.53	14.00	
539066	-0.02	-0.08	0.99	0.27	0.06	0.06	0.53	14.15	
539598	-0.01	-0.07	0.99	0.08	0.31	-0.12	0.53	14.19	
540130	-0.02	-0.08	0.99	0.27	0.19	0.06	0.53	14.19	
540663	-0.02	-0.08	0.99	0.45	0.34	-0.06	0.53	13.91	
541194	-0.01	-0.08	1.00	0.26	0.15	0.12	0.53	13.91	
541727	-0.02	-0.08	0.99	0.20	0.46	0.18	0.53	13.91	
542259	-0.02	-0.08	0.99	0.33	0.05	0.25	0.53	14.05	
542790	-0.02	-0.08	0.99	0.38	0.52	0.25	0.53	13.91	
543323	-0.01	-0.08	1.00	0.45	0.09	0.06	0.53	13.91	
543854	-0.02	-0.08	0.99	0.75	0.60	0.18	0.53	14.05	
544393	-0.02	-0.08	0.99	0.45	0.36	0.25	0.53	14.15	
544924	-0.01	-0.08	1.00	0.38	0.07	-0.24	0.53	13.72	
545457	-0.02	-0.08	0.99	0.63	0.52	0.12	0.53	13.91	
545988	-0.01	-0.08	0.99	0.27	0.12	0.25	0.53	14.15	
546521	-0.01	-0.08	0.98	0.32	0.28	0.12	0.53	13.91	
547053	-0.02	-0.08	1.01	0.69	0.74	0.31	0.53	13.72	
547585	-0.01	-0.08	0.99	0.20	0.34	0.18	0.53	13.91	
548117	-0.02	-0.08	0.99	0.33	0.31	0.18	0.53	14.19	
548649	-0.02	-0.08	0.99	0.57	0.31	0.43	0.53	14.19	
549181	-0.02	-0.08	1.00	0.38	0.09	0.06	0.53	13.86	
549719	-0.02	-0.07	1.00	0.50	0.39	0.12	0.53	13.81	
550251	-0.01	-0.08	1.00	0.38	0.15	-0.06	0.53	13.86	
550783	-0.02	-0.08	0.99	0.20	0.09	0.12	0.53	13.91	
551315	-0.01	-0.08	1.00	0.45	0.32	0.06	0.53	14.34	
551848	-0.01	-0.08	0.99	0.63	0.37	0.06	0.53	14.19	
552379	-0.01	-0.07	1.00	0.33	0.35	0.00	0.53	14.05	
552912	-0.02	-0.08	1.00	0.26	0.15	0.25	0.53	13.91	
553444	-0.01	-0.07	1.00	0.51	0.27	0.12	0.53	13.86	
553984	-0.01	-0.08	0.99	0.51	0.18	0.12	0.53	14.15	
554516	-0.02	-0.08	1.00	0.51	0.15	0.31	0.53	13.91	
555054	-0.02	-0.08	0.99	0.39	0.48	0.00	0.53	14.05	
555587	-0.02	-0.08	0.99	0.57	0.36	0.00	0.53	14.15	
556120	-0.01	-0.08	1.00	0.20	0.09	0.00	0.53	13.86	
556652	-0.01	-0.08	1.00	0.33	0.07	0.00	0.53	14.24	
557185	-0.01	-0.08	0.99	0.63	0.12	0.25	0.53	14.15	
557716	-0.01	-0.08	1.00	0.63	0.33	0.25	0.53	13.86	
558249	-0.01	-0.08	1.00	0.57	0.51	0.06	0.53	13.81	
558781	-0.01	-0.08	1.00	0.57	0.28	0.12	0.53	13.91	
559313	-0.01	-0.08	1.00	0.57	0.21	0.12	0.53	13.86	
559845	-0.01	-0.08	0.99	0.32	0.28	0.06	0.53	13.91	
560383	-0.02	-0.07	0.99	0.44	0.21	0.12	0.53	13.86	
560915	-0.02	-0.08	1.00	0.44	0.21	0.06	0.53	13.81	
561448	-0.01	-0.08	0.99	0.51	0.22	0.06	0.53	13.91	
561979	-0.02	-0.08	1.00	0.32	0.03	-0.18	0.53	13.86	
562512	-0.01	-0.08	1.00	0.38	0.33	0.31	0.53	13.81	
563043	-0.01	-0.07	1.00	0.14	0.01	0.18	0.53	13.67	
563576	-0.01	-0.08	1.00	0.32	0.17	0.06	0.53	14.00	
564107	-0.01	-0.08	1.00	0.57	0.15	0.00	0.53	13.91	
564640	-0.01	-0.08	0.99	0.51	0.09	0.12	0.53	13.91	
565172	-0.01	-0.08	0.99	0.38	0.08	0.12	0.53	13.81	
565710	-0.02	-0.08	1.00	0.32	0.33	0.06	0.53	13.86	
566241	-0.01	-0.08	0.99	0.45	0.17	-0.06	0.53	14.05	
566774	-0.01	-0.08	1.00	0.57	0.15	0.18	0.53	13.91	
567328	-0.02	-0.07	0.99	0.57	0.27	0.31	0.53	13.86	
567859	-0.02	-0.08	1.00	0.57	0.18	-0.12	0.53	14.15	
568395	-0.02	-0.07	0.99	0.32	-0.15	0.06	0.53	13.91	
568927	-0.01	-0.08	1.00	0.57	0.23	0.18	0.53	14.00	
569460	-0.02	-0.08	0.99	0.32	0.33	0.00	0.53	13.81	
569991	-0.02	-0.08	0.99	0.14	0.34	-0.06	0.53	13.91	
570529	-0.01	-0.08	1.00	0.39	0.29	0.37	0.53	14.05	
571061	-0.02	-0.08	0.99	0.20	0.28	0.25	0.53	13.91	
571592	-0.02	-0.08	0.99	0.45	0.29	-0.18	0.53	14.00	
572125	-0.02	-0.08	0.99	0.26	0.21	0.18	0.53	13.81	
572657	-0.01	-0.08	0.99	0.39	0.47	0.06	0.53	14.00	
573189	-0.01	-0.07	0.99	0.57	0.09	0.06	0.53	13.91	
573721	-0.01	-0.08	0.99	0.51	0.27	0.25	0.53	13.86	
574253	-0.01	-0.08	1.00	0.51	0.29	0.12	0.53	14.00	
574785	-0.01	-0.08	1.00	0.32	0.03	0.18	0.53	13.91	
575318	-0.01	-0.08	0.99	0.51	0.15	0.18	0.53	13.86	
575855	-0.01	-0.08	0.99	0.20	0.31	0.25	0.53	13.62	
576387	-0.02	-0.08	1.00	0.51	0.54	0.00	0.53	14.05	
576919	-0.02	-0.08	0.99	0.32	0.15	0.12	0.53	13.86	
577452	-0.02	-0.08	1.00	0.50	0.45	0.18	0.53	13.81	
577983	-0.01	-0.08	0.99	0.75	0.28	-0.12	0.53	13.91	
578516	-0.01	-0.08	0.99	0.33	0.35	0.00	0.53	14.05	
579048	-0.01	-0.08	0.99	0.45	0.30	0.06	0.53	14.15	
579580	-0.02	-0.08	0.98	0.44	0.21	0.25	0.53	13.86	
580112	-0.02	-0.08	0.99	0.32	0.21	0.18	0.53	13.86	
580645	-0.02	-0.08	1.00	0.57	0.15	-0.12	0.53	13.91	
581182	-0.01	-0.08	0.99	0.38	0.14	0.25	0.53	13.81	
581715	-0.01	-0.08	1.00	0.44	0.21	0.12	0.53	13.86	
582246	-0.02	-0.08	0.99	0.38	0.31	0.18	0.53	13.67	
582779	-0.01	-0.08	0.99	0.38	0.22	0.12	0.53	13.91	
583310	-0.01	-0.07	0.99	0.20	0.41	0.12	0.53	14.05	
583843	-0.01	-0.08	0.99	0.33	0.24	0.12	0.53	14.15	
584382	-0.01	-0.07	0.99	0.38	0.27	0.25	0.53	13.86	
584915	-0.01	-0.08	1.00	0.26	0.09	0.12	0.53	13.86	
585446	-0.02	-0.08	0.99	0.39	0.11	0.18	0.53	14.05	
585979	-0.01	-0.08	0.99	0.44	0.21	-0.06	0.53	13.86	
586516	-0.01	-0.07	0.99	0.32	0.09	0.06	0.53	13.91	
587048	-0.01	-0.08	0.99	0.39	0.48	0.06	0.53	14.05	
587580	-0.01	-0.08	0.99	0.51	0.22	0.00	0.53	13.91	
588113	-0.01	-0.08	1.00	0.63	0.39	0.18	0.53	13.86	
588644	-0.02	-0.08	0.99	0.57	0.28	0.25	0.53	13.91	
589177	-0.02	-0.08	1.00	0.44	0.39	0.25	0.53	13.86	
589708	-0.01	-0.08	1.00	0.38	0.46	-0.24	0.53	13.91	
590241	-0.02	-0.08	0.99	0.45	0.15	0.00	0.53	13.91	
590772	-0.01	-0.08	1.00	0.63	0.30	0.06	0.53	14.15	
591304	-0.01	-0.08	1.00	0.45	0.29	0.00	0.53	14.05	
591842	-0.02	-0.08	1.00	0.20	0.15	0.25	0.53	13.91	
592374	-0.01	-0.08	0.99	0.32	0.52	0.43	0.53	13.91	
592906	-0.01	-0.08	0.99	0.38	0.27	0.12	0.53	13.81	
593437	-0.02	-0.08	0.99	0.32	0.28	-0.06	0.53	13.91	
593970	-0.01	-0.08	0.99	0.56	-0.01	0.06	0.53	13.48	
594502	-0.02	-0.08	0.99	0.57	0.57	0.18	0.53	13.81	
595034	-0.01	-0.08	0.98	0.38	0.13	-0.06	0.53	13.67	
595566	-0.01	-0.08	1.00	0.50	0.07	0.25	0.53	13.72	
596098	-0.01	-0.08	1.00	0.26	0.27	0.12	0.53	13.86	
596635	-0.02	-0.08	0.99	0.39	-0.02	-0.06	0.53	14.00	
597168	-0.01	-0.08	0.99	0.32	0.27	0.06	0.53	13.86	
597700	-0.01	-0.08	0.99	0.44	0.14	0.18	0.53	13.81	
598232	-0.01	-0.08	0.99	0.20	0.28	0.00	0.53	13.91	
598764	-0.01	-0.07	0.99	0.44	0.27	-0.06	0.53	13.86	
599297	-0.01	-0.08	0.99	0.33	0.30	0.06	0.53	14.15	
599828	-0.01	-0.08	1.00	0.38	0.22	-0.12	0.53	13.91	
600361	-0.01	-0.07	1.00	0.51	0.46	0.00	0.53	13.91	
600893	-0.01	-0.08	0.99	0.57	0.27	0.06	0.53	13.81	
601425	-0.01	-0.08	0.99	0.57	0.15	0.18	0.53	13.91	
601963	-0.01	-0.08	0.99	0.32	0.22	-0.06	0.53	13.91	
602495	-0.01	-0.08	1.00	0.44	0.50	0.00	0.53	13.72	
603027	-0.02	-0.08	0.99	0.38	0.15	0.31	0.53	13.86	
603559	-0.02	-0.08	0.99	0.75	0.11	0.06	0.53	14.05	
604091	-0.02	-0.08	0.99	0.68	0.25	0.18	0.53	13.67	
604623	-0.02	-0.08	1.00	0.38	0.55	-0.18	0.53	13.62	
605155	-0.02	-0.08	0.99	0.26	-0.09	0.12	0.53	13.91	
605687	-0.02	-0.08	0.99	0.51	0.33	-0.06	0.53	13.86	
606219	-0.02	-0.08	1.00	0.45	0.04	0.12	0.53	14.00	
606751	-0.02	-0.08	0.99	0.45	0.34	0.12	0.53	13.91	
607289	-0.02	-0.08	0.99	0.32	-0.09	0.12	0.53	13.91	
607821	-0.01	-0.08	1.00	0.63	0.21	0.25	0.53	13.86	
608353	-0.01	-0.08	0.99	0.26	0.22	0.31	0.53	13.91	
608885	-0.02	-0.08	1.00	0.63	-0.03	0.06	0.53	13.86	
609417	-0.02	-0.08	0.99	0.20	0.37	0.00	0.53	13.62	
609948	-0.02	-0.07	0.98	0.20	0.52	0.25	0.53	13.91	
610481	-0.02	-0.08	1.00	0.26	-0.02	0.06	0.53	14.00	
611012	-0.02	-0.08	0.99	0.32	0.40	0.18	0.53	13.91	
611545	-0.02	-0.08	0.99	0.51	0.22	0.25	0.53	13.91	
612076	-0.02	-0.08	0.99	0.08	-0.15	0.25	0.53	13.91	
612614	-0.02	-0.08	1.01	0.32	0.33	0.37	0.53	13.81	
613146	-0.01	-0.08	0.99	0.63	-0.15	0.00	0.53	13.91	
613679	-0.02	-0.08	0.99	0.38	0.28	0.06	0.53	13.91	
614210	-0.01	-0.07	1.00	0.57	0.27	0.18	0.53	13.86	
614743	-0.01	-0.08	0.99	0.44	0.14	0.12	0.53	13.81	
615282	-0.01	-0.07	1.00	0.44	0.15	0.06	0.53	13.86	
615814	-0.01	-0.10	0.98	0.63	0.30	0.25	0.53	14.15	
616351	-0.01	-0.08	0.98	0.51	0.15	-0.12	0.53	13.91	
616882	-0.01	-0.10	0.99	0.45	0.41	-0.06	0.53	14.05	
617420	-0.01	-0.08	1.01	0.57	0.27	-0.06	0.53	13.86	
617952	-0.02	-0.06	0.98	0.08	0.09	-0.06	0.53	13.86	
618484	-0.01	-0.07	1.00	0.20	0.28	0.18	0.53	13.91	
619016	-0.01	-0.08	1.00	0.57	0.39	-0.06	0.53	13.86	
619548	-0.01	-0.08	0.98	0.26	0.25	-0.24	0.53	13.67	
620080	-0.01	-0.08	1.00	0.32	0.39	0.12	0.53	13.81	
620612	-0.02	-0.08	0.99	0.20	0.44	0.06	0.53	13.72	
621145	-0.02	-0.08	0.99	0.33	0.29	0.25	0.53	14.05	
621676	-0.01	-0.08	1.00	0.81	0.51	0.12	0.53	13.81	
622209	-0.01	-0.08	1.00	0.32	0.03	0.00	0.53	13.91	
622746	-0.01	-0.08	1.00	0.44	0.02	-0.06	0.53	13.81	
623279	-0.02	-0.08	1.00	0.32	0.09	0.18	0.53	13.86	
623810	-0.01	-0.08	0.98	0.38	0.19	0.06	0.53	13.72	
624343	-0.01	-0.08	1.00	0.44	0.02	0.12	0.53	13.81	
624874	-0.01	-0.08	1.00	0.50	0.27	-0.24	0.53	13.81	
625407	-0.02	-0.08	1.00	0.02	0.40	0.37	0.53	13.91	
625938	-0.02	-0.08	1.00	0.51	0.11	0.12	0.53	14.05	
626471	-0.10	-0.11	1.06	0.08	-5.90	0.49	0.53	13.81	
627002	0.00	-0.07	1.03	-0.17	-0.18	-0.24	0.53	13.67	
627535	-0.02	-0.08	0.99	0.38	0.13	0.06	0.53	13.67	
628072	-0.06	-0.05	1.10	-1.26	-3.39	0.18	0.53	13.86	
628604	-0.02	-0.08	1.05	1.06	0.70	0.18	0.53	13.91	
629136	-0.02	-0.06	1.02	0.38	0.34	0.12	0.53	13.91	
629668	-0.04	-0.12	1.08	1.18	1.85	0.12	0.53	13.81	
630211	-0.02	-0.08	0.99	0.63	0.40	0.06	0.53	13.91	
630743	-0.02	-0.09	0.98	0.38	0.01	0.00	0.53	13.72	
631286	0.01	-0.10	1.00	0.75	0.60	0.18	0.53	14.05	
631817	-0.01	-0.14	0.99	0.63	0.34	-0.12	0.53	13.91	
632353	-0.02	-0.09	1.02	0.63	0.34	0.00	0.53	13.91	
632885	-0.02	-0.10	0.99	0.32	1.18	-0.30	0.53	13.81	
633420	0.01	-0.07	0.97	0.44	1.06	-0.43	0.53	13.81	
633952	-0.05	-0.09	0.99	1.06	-0.20	0.12	0.53	14.00	
634484	-0.03	-0.10	1.00	0.93	0.40	3.05	0.53	13.91	
635016	-0.01	-0.08	0.98	0.20	0.77	5.86	0.53	13.91	
635548	-0.02	-0.05	0.99	0.51	-1.17	7.81	0.53	14.05	
636080	0.02	-0.08	0.98	-0.41	-1.38	9.40	0.53	13.86	
636612	0.04	-0.08	1.00	0.93	0.12	9.64	0.53	13.62	
637144	-0.03	-0.06	0.99	0.32	-2.10	8.55	0.53	13.91	
637676	-0.01	-0.09	1.06	0.94	1.02	9.52	0.53	14.05	
638208	0.01	-0.08	0.97	0.14	-0.16	10.01	0.53	13.86	
638745	0.03	-0.06	0.95	-0.17	-0.54	8.61	0.53	13.67	
639278	-0.03	-0.08	1.02	1.54	1.34	10.74	0.53	13.62	
639810	-0.01	-0.09	1.00	0.62	-2.56	10.32	0.53	13.62	
640343	-0.00	-0.06	1.00	-0.17	-0.18	10.74	0.53	13.67	
640874	-0.02	-0.05	0.95	0.32	-1.40	9.83	0.53	13.62	
641407	0.01	-0.05	1.01	0.81	-0.27	9.64	0.53	13.91	
641939	0.02	-0.04	1.01	-0.90	-1.54	8.36	0.53	14.00	
642472	-0.00	-0.09	0.97	-0.54	-0.11	4.88	0.53	13.72	
643004	-0.02	-0.05	1.04	0.87	-0.12	1.40	0.53	13.67	
643542	-0.01	0.01	1.01	0.75	0.28	0.12	0.53	13.91	
644074	0.00	-0.04	0.99	-0.29	-0.47	0.25	0.53	13.81	
644607	-0.01	-0.02	1.00	0.02	-0.32	2.38	0.53	14.00	
645138	-0.02	-0.07	0.95	0.08	1.19	6.41	0.53	13.91	
645671	-0.06	-0.05	0.99	0.87	0.34	10.07	0.53	13.91	
646210	-0.03	-0.11	1.03	-0.10	-0.88	13.18	0.53	13.91	
646743	-0.07	-0.07	0.97	-0.35	-1.10	13.25	0.53	13.62	
647275	-0.01	-0.10	1.02	0.87	-3.07	11.17	0.53	14.00	
647807	-0.04	-0.11	0.98	0.81	-1.70	10.44	0.53	13.67	
648339	-0.03	-0.13	0.99	0.51	-0.52	8.48	0.53	13.91	
648877	0.02	-0.16	1.00	-0.48	-0.30	3.66	0.53	13.67	
649409	0.01	-0.14	0.99	0.51	-0.09	-0.85	0.53	13.86	
649942	-0.02	-0.12	1.00	0.02	0.58	-1.16	0.53	13.91	
650473	0.01	-0.10	0.97	0.14	0.52	0.37	0.53	13.86	
651006	0.02	-0.10	0.98	-0.35	0.03	0.00	0.53	13.91	
651538	-0.01	-0.07	1.00	0.38	-0.27	-0.24	0.53	13.91	
652071	-0.00	-0.10	1.00	0.93	2.29	0.37	0.53	13.91	
652602	0.01	-0.09	1.01	0.63	0.90	-0.18	0.53	14.05	
653135	-0.01	-0.06	0.99	0.51	0.22	-0.12	0.53	13.91	
653667	0.02	-0.08	0.98	-0.10	0.18	-0.18	0.53	14.15	
654205	0.00	-0.08	1.01	0.08	1.48	-0.12	0.53	13.72	
654736	0.01	-0.05	0.99	0.38	0.58	-0.67	0.53	13.86	
655269	-0.00	-0.07	0.99	0.26	0.04	-0.49	0.53	14.00	
655801	-0.01	-0.06	1.00	0.38	0.09	0.31	0.53	13.86	
656334	0.00	-0.08	1.00	0.51	-0.16	1.28	0.53	13.86	
656865	-0.01	-0.09	1.00	0.63	0.28	1.95	0.53	13.91	
657398	0.01	-0.06	0.98	0.14	0.08	2.20	0.53	13.81	
657930	0.00	-0.05	0.99	0.14	-0.60	1.89	0.53	13.72	
658461	0.02	-0.02	0.99	0.57	0.03	0.98	0.53	13.91	
659000	0.02	-0.05	0.99	0.45	-0.03	-0.06	0.53	13.91	
659532	0.02	-0.06	0.99	-0.35	0.03	-1.22	0.53	13.91	
660064	-0.00	-0.06	1.00	0.08	0.58	-0.55	0.53	13.91	
660597	-0.02	-0.06	0.98	0.51	0.77	1.89	0.53	13.91	
661129	-0.02	-0.05	0.97	0.38	0.33	3.91	0.53	13.81	
661661	0.01	-0.07	0.97	-0.23	-0.70	4.27	0.53	13.91	
662193	0.01	-0.11	0.97	-0.04	0.33	4.27	0.53	13.86	
662725	0.01	-0.13	0.99	0.38	-0.09	2.26	0.53	13.86	
663258	0.03	-0.14	0.94	0.38	2.05	-0.12	0.53	13.91	
663790	0.02	-0.07	1.03	0.26	-0.03	-0.79	0.53	13.91	
664328	-0.02	-0.11	0.99	0.32	0.13	-0.73	0.53	13.72	
664860	-0.01	-0.09	0.98	0.14	0.45	-0.61	0.53	13.86	
665393	-0.01	-0.09	0.99	0.57	0.24	0.06	0.53	14.15	
665924	-0.01	-0.08	1.00	0.99	0.38	0.06	0.53	13.72	
666457	-0.00	-0.08	1.00	0.26	-0.03	1.34	0.53	13.86	
666989	0.00	-0.10	0.98	-0.04	0.21	1.95	0.53	13.86	
667521	-0.01	-0.07	1.00	0.99	-0.15	2.69	0.53	13.91	
668053	0.01	-0.07	1.01	0.51	0.66	1.40	0.53	14.05	
668586	-0.00	-0.06	0.99	0.50	0.31	0.18	0.53	13.67	
669117	0.02	-0.09	0.95	-0.47	-0.27	-0.79	0.53	13.91	
669655	0.01	-0.08	0.96	0.02	0.76	-1.89	0.53	13.86	
670187	-0.02	-0.09	1.01	0.94	0.78	-3.91	0.53	14.00	
670720	0.01	-0.09	1.05	0.38	-0.39	-7.08	0.53	13.91	
671251	-0.01	-0.06	1.02	0.51	1.01	-7.51	0.53	13.91	
671784	-0.02	-0.07	0.99	-0.29	1.50	-6.53	0.53	13.91	
672316	0.03	-0.05	0.96	-0.17	0.70	-6.10	0.53	13.91	
672848	-0.01	-0.04	1.00	0.51	1.06	-5.19	0.53	13.86	
673380	-0.00	-0.08	0.99	0.45	-0.02	-3.36	0.53	14.00	
673913	0.01	-0.07	0.99	0.87	-0.34	0.25	0.53	13.86	
674444	-0.02	-0.07	0.97	0.20	0.28	0.06	0.53	13.91	
674982	0.00	-0.04	1.01	0.75	0.45	-0.24	0.53	13.86	
675514	0.00	-0.03	0.99	0.14	0.60	-0.30	0.53	14.05	
676047	0.01	-0.03	0.99	0.26	-0.03	-0.18	0.53	13.86	
676578	0.02	-0.04	0.98	0.69	0.09	0.00	0.53	13.86	
677121	0.00	-0.07	1.00	0.26	0.15	-0.12	0.53	13.86	
677652	0.02	-0.05	1.00	0.45	0.74	0.18	0.53	14.19	
678185	0.01	-0.07	0.99	0.38	0.45	-0.06	0.53	13.86	
678717	0.01	-0.07	0.99	0.38	0.21	0.06	0.53	13.81	
679250	0.00	-0.06	0.99	0.63	0.08	0.18	0.53	13.81	
679787	0.02	-0.07	0.99	0.51	0.45	0.25	0.53	13.86	
680319	0.01	-0.06	0.99	0.20	0.00	0.00	0.53	13.62	
680851	0.00	-0.07	1.01	0.81	0.40	-0.06	0.53	13.91	
681384	0.01	-0.07	1.03	0.51	0.22	-0.12	0.53	13.91	
681916	0.00	-0.07	1.00	0.38	0.22	0.25	0.53	13.91	
682448	-0.03	0.14	0.53	-17.68	-3.92	-8.85	0.53	14.00	
682980	-0.05	-0.01	1.25	7.83	1.16	0.12	0.54	14.15	
683513	0.02	-0.07	0.99	1.24	0.90	0.43	0.53	14.00	
684045	-0.08	0.03	0.96	2.46	-0.59	-0.24	0.53	13.81	
684578	-0.00	-0.03	0.97	-4.50	-3.02	-1.34	0.54	13.91	
685115	0.01	0.14	-0.57	-69.81	-12.12	-53.22	0.53	13.86	
685647	0.01	-0.13	1.01	2.64	-0.63	2.38	0.53	14.00	
686179	0.07	-0.07	0.98	-1.38	-0.99	-1.89	0.53	14.05	
686712	-0.00	-0.07	0.96	-0.17	0.19	0.06	0.53	13.67	
687243	-0.10	-0.24	1.22	9.17	2.59	4.40	0.53	13.86	
687776	0.15	-0.16	1.20	79.25	-52.86	39.49	0.53	14.15	
688308	0.02	-0.09	1.01	0.69	0.11	0.06	0.53	14.05	
688840	0.02	-0.09	0.99	0.44	0.09	0.18	0.53	13.86	
689372	0.32	-0.95	1.85	23.09	24.29	10.99	0.54	14.15	
689904	0.02	-0.09	1.00	0.39	0.04	0.00	0.54	14.00	
690442	-0.08	-0.07	1.01	3.80	8.99	4.58	0.53	13.81	
690975	-0.03	-0.09	1.03	0.20	-0.22	-0.24	0.53	13.81	
691506	0.06	-0.06	1.04	1.97	3.14	0.67	0.53	13.86	
692038	-0.01	-0.10	1.02	1.42	3.87	0.00	0.53	13.86	
692571	0.01	-0.09	1.01	0.57	1.13	-0.30	0.53	13.86	
693114	0.01	-0.08	1.00	0.20	0.33	0.12	0.53	13.81	
693646	0.09	-0.01	0.94	3.86	1.30	1.16	0.53	13.81	
694179	-0.01	-0.08	0.98	0.33	0.23	0.18	0.53	14.05	
694710	0.04	-0.10	0.98	-0.23	2.47	0.06	0.53	13.91	
695253	0.01	-0.06	1.00	0.39	0.13	-0.06	0.53	14.19	
695790	0.01	-0.06	1.01	0.75	0.60	0.18	0.53	14.05	
696326	0.01	-0.06	1.00	0.63	0.21	0.00	0.53	13.86	
696858	0.02	-0.07	0.99	0.39	0.35	0.37	0.53	14.00	
697391	0.01	-0.06	1.00	0.57	0.23	0.25	0.53	14.00	
697922	0.01	-0.06	1.00	0.20	0.52	0.12	0.53	13.86	
698455	0.00	-0.06	1.00	0.02	0.11	-0.12	0.53	14.05	
698987	0.01	-0.07	1.00	0.26	-0.07	0.25	0.53	14.05	
699519	0.01	-0.07	0.99	0.45	0.31	0.06	0.53	14.19	
700051	0.01	-0.06	1.00	0.20	0.15	0.18	0.53	13.86	
700584	0.01	-0.06	0.99	0.57	0.54	0.06	0.53	14.05	
701121	0.01	-0.07	1.00	0.69	0.12	0.25	0.53	14.15	
701653	0.01	-0.07	0.99	0.26	0.10	0.12	0.53	14.00	
702185	0.01	-0.06	1.00	0.51	0.22	-0.06	0.53	13.91	
702718	0.01	-0.06	0.99	0.13	0.49	-0.24	0.53	13.62	
703250	0.01	-0.06	1.00	0.51	0.03	-0.12	0.53	13.91	
703782	0.01	-0.07	1.00	0.51	0.36	-0.06	0.53	14.15	
704314	0.01	-0.06	0.99	0.14	0.09	0.00	0.53	13.91	
704847	0.13	-0.12	0.94	-0.10	2.07	-0.18	0.53	14.15	
705379	0.01	-0.06	1.00	0.33	-0.11	0.12	0.53	14.24	
705911	0.01	-0.06	0.99	0.26	0.46	0.43	0.53	13.91	
706448	0.01	-0.06	0.97	0.14	-0.40	-0.06	0.53	13.86	
706981	0.01	-0.07	1.00	0.63	-0.03	0.12	0.53	13.91	
707521	0.19	-0.09	0.84	-5.78	-1.16	0.31	0.53	14.15	
708053	0.01	-0.06	1.01	0.57	0.09	0.00	0.53	13.91	
708585	0.00	-0.05	0.99	0.39	-0.12	0.25	0.53	14.15	
709117	0.00	-0.07	0.99	0.44	0.27	0.06	0.53	13.81	
709649	0.01	-0.06	1.00	0.63	0.19	0.12	0.53	14.24	
710182	0.01	-0.06	0.99	0.45	0.05	0.25	0.53	14.05	
710713	0.01	-0.07	1.00	0.82	0.12	0.18	0.53	14.15	
711246	0.00	-0.06	0.99	0.39	0.43	0.12	0.53	14.15	
711783	-0.00	-0.07	1.00	0.38	0.09	-0.06	0.53	13.86	
712315	0.01	-0.06	1.00	0.69	0.67	0.25	0.53	14.19	
712847	0.01	-0.06	1.00	0.20	0.41	0.00	0.53	14.05	
713380	0.00	-0.07	1.00	0.45	0.41	0.00	0.53	14.00	
713911	0.01	-0.07	0.99	0.26	0.40	0.06	0.53	13.91	
714444	0.01	-0.06	1.00	0.33	0.12	0.00	0.53	14.15	
714975	0.01	-0.06	1.00	0.39	-0.12	0.18	0.53	14.15	
715508	0.00	-0.07	1.00	0.45	0.17	0.06	0.53	14.00	
716040	0.00	-0.07	0.99	0.63	0.19	-0.18	0.53	14.24	
716571	0.01	-0.06	0.99	0.39	0.30	0.06	0.53	14.15	
717109	0.01	-0.06	0.99	0.32	0.22	0.00	0.53	13.91	
717642	0.00	-0.06	1.00	0.44	0.38	0.06	0.53	13.72	
718174	0.00	-0.06	1.01	0.63	0.17	0.00	0.53	14.00	
718705	-0.01	-0.08	1.01	0.75	0.17	-0.18	0.53	14.05	
719238	0.01	-0.07	0.99	0.63	0.03	0.00	0.53	13.91	
719769	0.01	-0.07	1.00	0.51	0.55	0.18	0.53	14.19	
720302	0.01	-0.07	1.00	0.39	0.55	0.25	0.53	14.15	
720834	0.01	-0.07	0.99	0.44	0.45	-0.06	0.53	13.81	
721366	0.01	-0.06	1.01	0.51	0.58	0.18	0.53	13.86	
721898	0.01	-0.07	1.00	0.57	0.08	0.00	0.53	13.81	
722430	0.00	-0.07	1.00	0.33	0.54	0.06	0.53	14.05	
722961	-0.00	-0.06	1.00	0.51	0.19	0.06	0.53	14.19	
723494	0.01	-0.06	1.00	0.02	0.18	0.25	0.53	14.15	
724026	0.00	-0.07	1.00	0.38	0.03	0.00	0.53	13.91	
724558	0.00	-0.06	1.00	0.32	0.28	-0.12	0.53	13.91	
725090	0.03	-0.07	0.98	0.14	0.45	0.06	0.53	13.86	
725623	0.01	-0.07	0.98	0.27	0.25	0.06	0.53	14.19	
726155	0.00	-0.06	1.00	0.63	0.30	0.31	0.53	14.15	
726687	0.01	-0.06	0.99	0.21	0.06	0.18	0.53	14.15	
727219	0.01	-0.06	0.99	0.09	0.01	0.06	0.53	14.24	
727750	0.00	-0.06	1.00	0.45	0.34	-0.06	0.53	13.91	
728283	0.01	-0.06	1.00	0.45	0.18	0.18	0.53	14.15	
728814	0.01	-0.06	0.99	0.63	0.25	0.18	0.53	14.19	
729347	0.01	-0.06	1.00	0.21	0.37	0.06	0.53	14.19	
729878	0.00	-0.07	0.99	0.51	0.12	0.06	0.53	14.15	
730411	0.01	-0.06	0.99	0.26	0.47	0.06	0.53	14.00	
730942	0.02	-0.07	1.00	0.51	0.60	0.06	0.53	14.05	
731475	0.02	-0.07	0.98	0.21	-0.00	0.00	0.53	14.15	
732007	0.01	-0.06	1.00	0.08	0.03	0.12	0.53	13.86	
732539	0.01	-0.06	1.00	0.38	0.09	0.00	0.53	13.91	
733070	0.01	-0.06	0.99	0.02	-0.12	0.12	0.53	14.19	
733603	0.01	-0.07	0.99	0.08	0.05	-0.12	0.53	14.05	
734134	-0.00	-0.07	1.00	0.14	0.36	0.06	0.53	14.15	
734667	0.01	-0.07	1.01	0.63	0.48	-0.12	0.53	14.05	
735198	0.01	-0.07	1.01	0.88	0.49	0.06	0.53	14.15	
735730	0.01	-0.07	0.99	0.27	0.19	0.12	0.53	14.24	
736263	0.01	-0.07	0.98	0.20	0.46	0.00	0.53	13.91	
736794	-0.00	-0.07	1.00	0.15	0.25	0.12	0.53	14.19	
737327	0.01	-0.06	1.00	0.26	0.59	-0.06	0.53	14.00	
737875	-0.01	-0.05	1.01	0.39	0.54	-0.06	0.53	14.05	
738410	0.01	-0.07	1.00	0.20	0.05	0.12	0.53	14.05	
738950	0.01	-0.06	0.99	0.32	0.19	0.12	0.53	13.72	
739482	0.01	-0.07	1.00	0.63	0.47	0.18	0.53	14.00	
740014	-0.00	-0.07	1.02	1.18	0.11	0.25	0.53	14.05	
740546	0.01	-0.06	0.99	0.33	0.23	0.00	0.53	14.05	
741078	0.01	-0.06	1.00	0.45	0.11	-0.06	0.53	14.05	
741610	0.01	-0.06	0.99	0.14	-0.25	0.12	0.53	14.15	
742143	0.00	-0.06	1.01	0.57	0.23	0.00	0.53	14.05	
742674	0.01	-0.06	0.99	0.63	-0.01	0.12	0.53	14.05	
743212	0.01	-0.06	1.00	0.32	0.06	0.12	0.53	13.62	
743744	0.01	-0.06	1.00	0.26	0.10	0.31	0.53	14.00	
744277	0.01	-0.06	0.99	0.45	0.23	0.06	0.53	14.00	
744808	0.01	-0.06	1.00	0.33	0.37	0.06	0.53	14.19	
745341	0.01	-0.07	1.00	0.33	0.25	0.25	0.53	14.24	
745873	0.00	-0.07	1.01	0.63	0.19	0.31	0.53	14.19	
746405	-0.00	-0.06	1.00	0.20	0.11	0.00	0.53	14.05	
746937	0.01	-0.07	0.99	0.69	0.40	0.31	0.53	13.91	
747470	-0.06	-0.10	1.05	1.79	-0.42	0.49	0.53	14.19	
748001	0.00	-0.06	1.00	0.32	0.39	0.12	0.53	13.81	
748540	0.00	-0.06	1.02	0.33	0.36	0.12	0.53	14.15	
749071	0.00	-0.05	1.01	1.00	0.65	0.12	0.53	14.00	
749604	0.01	-0.06	0.99	0.14	0.33	0.12	0.53	13.86	
750135	0.00	-0.06	0.99	0.51	-0.07	0.25	0.53	14.05	
750668	0.01	-0.06	1.00	0.51	0.56	-0.06	0.53	14.24	
751199	0.02	-0.05	0.99	-0.16	-1.40	-0.24	0.53	14.24	
751732	0.02	-0.07	1.00	0.45	0.55	0.00	0.53	14.15	
752263	0.01	-0.06	1.00	0.39	-0.08	0.06	0.53	14.00	
752795	0.01	-0.06	1.00	0.45	0.67	0.12	0.53	14.15	
753328	0.01	-0.06	1.00	0.45	-0.00	0.25	0.53	14.15	
753866	0.01	-0.06	1.00	0.57	0.56	0.12	0.53	14.24	
754397	-0.02	-0.08	1.05	1.42	0.82	0.12	0.53	13.86	
754929	0.01	-0.07	1.00	0.39	0.61	0.12	0.53	14.15	
755461	0.01	-0.06	1.00	0.32	0.10	0.06	0.53	14.00	
756065	0.00	-0.06	1.00	0.33	0.43	0.00	0.53	14.19	
756597	0.01	-0.06	1.00	0.27	0.13	0.06	0.53	14.19	
757129	0.00	-0.07	0.99	0.63	0.15	-0.12	0.53	13.91	
757660	0.00	-0.06	1.00	-0.04	-0.49	0.18	0.53	14.19	
758193	0.01	-0.06	1.01	0.33	-0.20	0.06	0.53	14.05	
758724	0.01	-0.06	1.00	0.33	0.25	0.18	0.53	14.19	
759262	0.01	-0.06	0.99	0.51	0.24	0.00	0.53	14.15	
759794	0.00	-0.07	1.00	0.26	0.34	0.12	0.53	13.91	
760326	-0.00	-0.06	1.00	0.20	0.11	0.18	0.53	14.05	
760924	0.01	-0.06	0.99	0.26	0.17	0.06	0.53	14.05	
761456	0.02	-0.07	1.01	0.02	-0.44	-0.06	0.53	14.05	
761988	0.01	-0.07	0.99	0.57	0.39	0.06	0.53	13.86	
762520	0.01	-0.07	0.99	0.27	0.44	0.00	0.53	14.24	
763052	0.02	-0.06	0.97	0.08	0.67	0.25	0.53	14.19	
763584	0.01	-0.06	0.99	0.26	-0.13	-0.06	0.53	14.05	
764116	0.01	-0.06	1.00	0.32	0.17	0.00	0.53	14.00	
764653	0.01	-0.06	1.00	0.38	0.46	-0.06	0.53	13.91	
765186	0.00	-0.06	1.00	0.51	0.01	0.25	0.53	14.24	
765718	0.01	-0.06	1.00	0.39	0.25	0.00	0.53	14.24	
766250	0.01	-0.06	1.00	0.39	0.31	0.12	0.53	14.19	
766782	0.01	-0.06	1.00	0.33	0.19	0.31	0.53	14.24	
767315	0.01	-0.06	1.00	0.33	0.32	0.06	0.53	14.34	
767846	0.01	-0.06	1.00	0.63	0.19	-0.06	0.53	14.19	
768379	0.01	-0.06	1.00	0.76	0.37	0.00	0.53	14.19	
768911	0.01	-0.07	1.00	0.33	0.43	0.12	0.53	14.15	
769443	0.01	-0.06	1.00	0.45	0.23	-0.06	0.53	14.00	
769988	0.01	-0.06	1.00	0.27	0.25	0.00	0.53	14.19	
770521	0.01	-0.06	1.00	0.39	0.05	0.06	0.53	14.05	
771052	0.01	-0.06	1.00	0.39	0.18	0.18	0.53	14.15	
771585	0.01	-0.06	1.00	0.27	-0.06	-0.06	0.53	14.19	
772116	0.01	-0.07	1.00	0.15	0.20	0.18	0.53	14.34	
772649	0.01	-0.06	1.00	0.58	0.40	-0.12	0.53	14.43	
773180	0.01	-0.06	1.01	0.33	0.12	0.25	0.53	14.15	
773713	0.01	-0.07	1.00	0.21	0.00	0.37	0.53	14.19	
774244	0.00	-0.06	1.00	0.45	0.37	0.06	0.53	14.24	
774777	0.01	-0.06	1.00	0.33	0.18	0.06	0.53	14.15	
775314	0.01	-0.06	1.01	0.33	0.21	0.06	0.53	14.43	
775847	0.01	-0.06	1.00	0.51	0.13	0.06	0.53	14.24	
776378	0.00	-0.06	1.00	0.57	0.13	0.12	0.53	14.19	
776910	0.00	-0.06	1.00	0.33	0.01	0.00	0.53	14.24	
777442	0.00	-0.06	0.99	0.63	0.25	-0.12	0.53	14.19	
777975	0.01	-0.06	1.00	0.45	0.21	0.06	0.53	14.39	
778506	0.00	-0.06	0.99	0.33	-0.10	0.00	0.53	14.34	
779039	0.02	-0.06	0.99	0.09	0.39	-0.12	0.53	14.34	
779570	0.00	-0.06	0.99	0.39	0.37	0.12	0.53	14.24	
780102	0.02	-0.08	1.02	0.88	2.78	0.49	0.53	14.43	
780640	0.02	-0.07	1.00	0.33	-0.04	0.00	0.53	14.34	
781172	0.01	-0.06	1.00	0.39	0.33	0.18	0.53	14.43	
781704	0.01	-0.06	1.00	0.33	0.25	0.18	0.53	14.24	
782235	0.01	-0.06	0.99	0.45	0.15	0.18	0.53	14.39	
782768	0.01	-0.05	0.99	-0.16	-0.16	-0.06	0.53	14.34	
783299	0.01	-0.06	0.99	0.40	0.22	-0.06	0.53	14.53	
783832	0.01	-0.06	0.99	0.33	0.52	-0.12	0.53	14.43	
784364	0.02	-0.01	0.80	-0.52	4.19	0.31	0.53	14.53	
784896	0.02	-0.05	0.98	2.90	5.83	4.03	0.54	14.43	
785428	0.06	-0.13	1.06	1.06	10.37	1.59	0.53	14.15	
785966	-0.07	-0.03	0.99	0.57	1.39	0.25	0.53	14.05	
786497	0.08	0.09	0.91	0.76	-20.72	-0.91	0.53	14.43	
787030	0.18	-0.08	0.97	-1.38	7.39	0.06	0.54	14.24	
787562	-0.03	-0.09	1.08	3.75	25.83	-3.11	0.54	14.24	
788094	0.64	0.22	0.82	-3.70	-98.32	9.28	0.55	14.24	
788626	0.07	0.06	1.10	0.63	92.29	-9.46	0.54	14.19	
789159	-0.82	-0.29	0.15	-21.52	57.13	-52.25	0.54	14.19	
789690	-0.86	-0.51	0.08	8.27	-0.10	-12.21	0.53	14.39	
790223	-0.80	-0.49	0.07	-0.64	19.19	13.49	0.54	14.39	
790755	-0.89	-0.43	0.03	-3.94	8.64	-7.02	0.54	14.43	
791287	-0.86	-0.48	-0.03	7.78	16.57	-4.82	0.55	14.43	
791818	-0.89	-0.53	-0.07	10.77	-5.35	1.04	0.54	14.34	